11

1
Kassadin
1
1
1
1
1
1
1
1
1
1

1
Maokai

2
Viktor
Leblanc
1 2
1 2

2
Kogmaw
Lucian
1 2
1 2
2 1
2 1
1 2
2 1

3
Vayne
Varus
Viktor
1 3 2
2 3 1
1 3 2
2 3 1
1 3 2
2 3 1

5
Riven
Maokai
Shen
Nautilus
5 3 1 2 4
3 4 2 1 5
1 5 2 3 4
1 2 5 4 3
5 3 1 4 2
5 2 1 4 3
2 1 4 5 3
1 3 4 5 2
2 1 3 4 5
2 3 5 1 4
4 5 2 1 3
2 5 1 3 4
2 4 1 5 3
1 3 5 2 4
5 1 2 4 3
5 4 1 3 2
2 1 3 5 4
3 4 5 1 2
2 4 5 1 3
1 2 4 3 5
3 2 5 1 4
5 2 4 1 3
1 5 4 3 2
4 3 1 2 5
2 3 4 5 1
1 4 5 3 2
4 2 5 1 3

7
Leblanc
Maokai
Khazix
Rengar
Katarina
Orianna
Rek'Sai
5 7 4 3 6 1 2
1 6 4 2 5 7 3
3 5 7 1 2 4 6
6 1 2 7 5 4 3
2 3 5 1 6 4 7
6 2 1 7 3 5 4
6 4 2 1 5 3 7
6 3 7 5 1 2 4
6 5 4 3 2 7 1
2 4 1 5 3 6 7
7 4 1 5 6 2 3
2 4 6 7 3 5 1
6 4 1 5 3 2 7
6 2 1 4 3 5 7
2 1 4 3 6 7 5
7 4 1 6 5 2 3
2 1 6 4 7 3 5
5 1 7 2 6 4 3
3 6 1 4 5 2 7
1 3 2 4 7 6 5
7 3 2 5 1 4 6
2 1 7 4 6 3 5
2 3 5 7 4 1 6
3 6 7 2 5 1 4
6 1 2 5 7 3 4
4 3 1 5 7 2 6
7 2 5 1 6 3 4
5 2 7 1 3 4 6
6 3 5 4 7 2 1
3 5 6 7 2 4 1
1 5 4 2 7 6 3
6 2 1 7 4 3 5
6 2 5 7 3 4 1
2 5 6 1 3 7 4
4 5 1 6 3 7 2
2 7 6 1 5 3 4
4 7 6 3 1 2 5
4 2 5 3 1 7 6
4 3 5 6 2 7 1
2 6 4 5 1 3 7
1 7 5 3 6 4 2
1 7 5 2 6 3 4
3 1 6 4 2 5 7
2 1 6 4 7 3 5
1 6 3 4 2 5 7
7 3 5 2 6 4 1
1 2 6 4 7 3 5
2 1 6 3 5 7 4
6 4 1 5 3 7 2
3 7 2 1 5 6 4
3 7 4 6 2 5 1
7 4 6 5 3 1 2
7 1 6 2 4 5 3
6 2 5 1 7 3 4
7 4 1 6 2 5 3
7 1 5 4 2 6 3
1 3 6 2 7 5 4
2 1 4 3 5 6 7
7 4 5 2 3 6 1
3 6 1 2 5 7 4
4 1 5 6 7 2 3
1 5 6 2 4 3 7
5 1 2 4 3 7 6
6 3 2 7 5 4 1
5 6 2 1 3 7 4
4 1 7 3 2 5 6
1 6 4 5 2 3 7
3 2 6 4 1 5 7
3 5 1 7 2 6 4
6 1 3 2 5 7 4
1 3 2 6 5 4 7
6 7 2 5 1 3 4
5 7 4 3 2 1 6
7 5 3 1 6 4 2
4 7 2 1 5 6 3
5 2 4 6 1 7 3
3 1 5 4 2 6 7
2 4 6 3 7 1 5
1 4 5 7 2 6 3
3 2 7 4 5 1 6
5 7 1 3 4 6 2
4 5 1 6 7 3 2
2 5 6 1 7 3 4
4 3 7 1 2 6 5
4 7 1 2 5 6 3
5 6 7 2 1 3 4
4 6 2 7 1 3 5
2 7 5 6 3 1 4
4 5 7 1 6 2 3
2 4 7 1 5 6 3
2 1 5 3 7 6 4
2 5 6 3 1 7 4
6 5 4 3 7 1 2
1 4 5 6 7 2 3
2 6 4 1 5 7 3
5 3 6 4 2 7 1
2 6 7 4 3 1 5
2 3 6 7 4 5 1
6 1 3 4 5 2 7
3 6 1 2 4 7 5
1 5 7 2 4 3 6
1 2 6 4 5 3 7
5 2 6 4 1 3 7
6 4 3 2 5 7 1
3 2 4 5 7 1 6
4 2 1 6 5 3 7
2 1 4 3 6 5 7
1 7 3 5 6 2 4
1 2 3 4 7 5 6
7 6 3 5 4 1 2
4 5 1 7 2 6 3
4 1 3 5 2 6 7
7 6 2 5 4 1 3
2 6 4 5 3 7 1
4 5 6 1 3 7 2
7 6 4 3 5 1 2
2 7 4 6 3 1 5
4 5 2 3 1 7 6
4 5 2 7 3 1 6
6 7 4 1 2 5 3
6 3 1 2 7 4 5
2 6 5 7 1 4 3
6 2 7 5 1 3 4
3 4 5 1 7 2 6
4 3 1 7 2 5 6
5 1 2 3 7 6 4
3 5 2 4 7 1 6
4 3 6 2 7 5 1
3 5 2 7 6 1 4
3 1 5 4 2 7 6
4 7 6 3 1 2 5
5 7 2 6 3 4 1
6 7 5 1 3 4 2
5 6 2 1 4 3 7
2 1 5 4 3 7 6
6 5 2 1 3 4 7
5 7 4 2 1 3 6
5 2 1 3 4 7 6
5 1 4 2 3 6 7
1 3 5 4 6 2 7
3 7 2 5 4 6 1
3 4 1 5 6 2 7
5 4 6 1 3 2 7
7 4 5 1 2 6 3
4 1 6 3 5 7 2
6 5 2 1 3 7 4
1 7 5 3 6 2 4
1 6 3 2 7 4 5
7 6 3 2 5 4 1
2 4 3 7 6 5 1
4 1 2 5 3 6 7
4 2 7 5 3 6 1
5 3 2 1 7 4 6
3 4 6 5 1 7 2
4 3 6 5 2 1 7
1 7 4 5 2 3 6
5 3 7 1 4 6 2
5 3 2 7 1 6 4
6 7 4 2 1 3 5
2 3 4 1 6 5 7
3 7 2 6 4 5 1
5 3 2 4 1 6 7
4 7 6 2 1 3 5
1 4 3 5 2 7 6
4 5 1 2 7 3 6
3 4 7 2 6 5 1
7 1 3 4 2 6 5
5 1 6 4 2 3 7
3 2 7 6 5 1 4
3 2 1 7 4 6 5
3 2 6 7 5 4 1
2 4 1 7 6 5 3
1 6 5 2 3 7 4
5 1 4 3 2 7 6
6 3 1 5 4 7 2
4 1 3 2 5 6 7
3 7 5 4 2 6 1
5 7 4 3 2 6 1
3 7 5 2 6 1 4
4 3 2 1 6 5 7
1 6 5 7 3 4 2
2 6 5 1 4 3 7
5 1 6 3 2 4 7
7 6 1 4 5 3 2
3 5 2 6 1 7 4
4 1 7 6 3 2 5
3 6 4 2 5 1 7
1 6 7 2 3 5 4
6 4 7 2 1 3 5
4 5 2 7 6 3 1
6 2 7 4 5 1 3
7 5 1 4 2 6 3
2 3 7 4 6 5 1
4 2 7 1 5 6 3
3 7 5 2 6 4 1
7 6 2 3 4 1 5
3 4 2 5 1 6 7
7 3 4 2 5 1 6
7 5 6 2 4 3 1
2 5 7 1 3 6 4

10
Khazix
Taric
Amumu
Annie
Velkoz
Viktor
Zac
Rengar
Draven
Janna
3 5 1 7 8 2 9 6 10 4
10 7 8 1 9 3 4 2 6 5
10 2 5 4 8 9 1 3 7 6
1 7 6 9 5 10 8 4 3 2
1 8 10 4 5 9 3 2 6 7
1 2 9 7 8 5 6 10 3 4
5 7 9 10 1 3 2 4 8 6
10 5 6 8 2 4 3 9 1 7
1 9 10 2 5 4 3 8 6 7
4 10 9 1 7 5 2 8 3 6
8 9 4 3 10 6 2 5 1 7
8 9 4 10 2 7 3 1 6 5
7 4 3 2 10 1 8 9 6 5
1 10 7 3 8 5 6 9 2 4
9 2 5 8 1 4 10 7 6 3
10 7 3 1 4 2 9 6 5 8
6 5 4 2 7 9 1 10 3 8
9 5 3 4 7 2 1 8 10 6
8 1 5 3 7 6 10 2 9 4
1 8 4 9 3 6 5 7 10 2
9 5 2 1 7 10 8 4 6 3
9 4 6 3 10 8 1 7 5 2
4 8 10 9 5 7 1 6 2 3
6 9 3 10 5 1 7 2 8 4
7 9 6 10 5 4 3 2 1 8
1 5 3 2 4 7 10 8 9 6
4 9 6 3 1 8 2 5 7 10
5 1 9 2 10 6 4 3 8 7
2 5 4 10 9 3 8 6 7 1
7 6 3 10 9 5 2 4 8 1
1 8 6 3 9 7 10 2 4 5
5 1 6 10 7 4 9 8 3 2
2 5 9 1 6 7 4 10 3 8
8 5 4 6 3 1 2 7 10 9
10 3 6 4 9 8 1 5 7 2
5 4 9 10 6 8 1 2 7 3
10 8 6 5 3 2 9 1 7 4
4 9 1 8 3 2 6 7 5 10
6 8 1 7 5 10 9 3 2 4
5 3 2 7 10 8 9 4 6 1
9 6 3 7 8 2 10 1 4 5
5 3 1 2 4 8 6 9 7 10
2 5 9 8 3 7 6 4 1 10
6 3 5 7 8 10 9 4 1 2
2 1 4 8 6 7 5 3 10 9
4 10 2 8 9 7 5 1 3 6
7 9 10 3 1 4 6 2 5 8
9 4 6 10 7 8 5 3 2 1
9 8 6 1 3 5 2 7 10 4
7 6 5 10 4 1 2 8 9 3
5 2 1 10 3 6 9 8 4 7
1 4 2 10 5 3 9 8 7 6
8 6 7 5 3 9 1 4 2 10
5 7 9 1 3 6 8 2 10 4
2 9 7 1 5 3 8 10 6 4
5 2 8 9 7 4 1 3 6 10
9 4 8 1 5 3 2 6 7 10
5 7 2 9 8 1 10 3 6 4
6 8 7 1 2 10 9 4 3 5
8 9 6 7 1 3 10 4 2 5
9 1 8 5 4 2 3 10 6 7
4 5 3 2 10 7 6 8 9 1
6 2 1 8 9 3 7 10 5 4
6 9 1 3 7 10 8 4 2 5
9 1 3 2 10 8 6 5 4 7
2 4 6 3 10 5 7 9 8 1
1 10 7 9 3 8 4 5 6 2
5 4 7 8 10 2 1 9 6 3
1 9 8 4 5 6 3 10 7 2
7 1 4 6 3 8 10 5 2 9
6 3 5 8 10 9 4 1 7 2
6 10 9 7 8 2 1 4 3 5
6 8 7 10 1 3 5 2 4 9
2 5 4 6 7 3 1 8 10 9
3 10 9 8 1 2 6 4 5 7
6 7 1 10 3 9 8 5 4 2
9 6 1 2 7 10 4 5 8 3
7 4 9 3 2 6 8 1 10 5
6 7 10 3 1 8 2 5 4 9
7 9 2 5 1 6 4 8 10 3
3 2 9 6 10 4 8 7 5 1
10 9 4 2 6 5 3 1 7 8
9 3 2 1 10 4 7 5 6 8
10 3 5 4 1 2 7 6 9 8
5 10 7 9 6 2 1 3 8 4
8 3 1 6 10 9 4 2 7 5
1 10 2 3 7 6 5 8 9 4
8 6 1 9 7 5 2 10 4 3
6 10 7 9 3 4 8 1 2 5
9 1 2 4 3 7 8 10 6 5
4 1 8 5 9 6 2 10 3 7
5 10 1 6 7 4 3 8 9 2
1 2 3 6 8 5 9 10 4 7
10 7 3 1 6 4 9 2 8 5
7 1 6 9 10 8 4 5 3 2
8 7 3 5 9 2 4 10 1 6
1 6 5 4 3 10 8 7 9 2
4 7 10 1 6 9 5 8 2 3
1 10 7 6 2 8 4 9 3 5
5 8 4 6 9 2 1 10 7 3

20
Aatrox
Alistar
Annie
Akali
Amumu
Azir
Anivia
Blitzcrank
Brand
Braum
Cassiopeia
Camille
Draven
Darius
Ekko
Evelynn
Fiora
Nasus
Renekton
Zac
16 7 2 13 1 11 5 12 18 10 4 14 3 6 17 15 19 9 20 8
19 2 18 10 15 3 7 12 1 4 6 13 8 5 16 14 17 9 20 11
11 19 20 1 6 9 18 16 15 7 17 14 3 5 2 12 8 10 13 4
16 13 3 19 18 10 15 8 11 2 20 1 14 12 4 17 6 9 5 7
14 3 17 9 2 5 12 8 10 15 16 13 6 18 19 7 20 11 1 4
19 15 18 8 6 10 5 14 9 4 11 3 12 7 16 13 20 17 1 2
9 16 4 7 12 3 5 2 8 15 18 11 1 20 6 19 17 14 13 10
13 16 11 8 20 12 3 15 5 1 9 14 7 18 4 17 6 19 10 2
14 9 18 15 12 8 13 19 11 17 5 3 2 7 6 10 16 4 20 1
6 3 19 17 7 5 4 11 20 18 13 9 14 16 15 1 8 10 2 12
12 1 7 11 10 17 6 14 13 2 9 19 15 20 18 16 4 5 8 3
15 14 5 6 16 4 17 11 18 10 1 2 19 13 20 12 8 3 9 7
15 14 13 11 9 5 8 16 19 20 12 1 18 7 10 3 2 6 17 4
9 10 2 18 7 12 6 17 4 3 14 16 15 1 8 5 19 20 13 11
6 7 11 12 14 18 20 3 8 19 16 17 5 15 10 13 9 4 1 2
13 17 3 9 11 1 16 19 5 2 18 10 14 12 15 7 6 4 8 20
2 20 18 8 13 15 19 16 14 1 4 11 3 5 17 9 7 6 10 12
4 12 13 19 2 1 17 7 11 9 8 20 10 18 15 3 16 14 5 6
1 19 9 8 4 2 12 16 18 14 7 17 20 11 5 3 10 6 13 15
15 1 12 5 18 16 20 2 9 7 6 13 8 19 14 3 17 10 4 11
9 15 20 7 10 3 11 13 18 14 12 17 1 19 2 16 8 5 4 6
3 5 1 18 15 17 16 11 14 2 19 9 12 4 20 10 7 6 13 8
18 9 10 8 7 1 11 6 16 5 19 12 4 15 17 13 20 3 2 14
6 13 4 12 10 9 11 16 14 19 20 2 17 18 7 3 15 5 1 8
7 11 10 17 8 6 15 12 1 9 19 2 13 5 20 16 18 14 3 4
2 1 11 8 19 20 16 10 12 3 6 15 5 14 13 4 9 17 7 18
10 13 8 2 1 5 14 6 19 16 20 15 4 3 9 17 11 12 18 7
1 6 3 20 17 13 12 11 9 7 14 10 19 8 18 4 16 5 2 15
16 13 12 1 8 17 20 6 18 9 19 5 14 3 4 15 10 7 2 11
14 15 10 2 19 5 8 7 13 3 17 1 9 6 11 18 12 16 4 20
16 17 9 1 15 7 19 5 6 4 2 3 13 11 18 20 8 10 12 14
19 14 15 1 17 8 12 13 3 16 18 5 11 20 2 10 7 9 4 6
2 15 13 17 19 11 7 5 10 9 18 6 8 12 20 1 4 14 16 3
10 18 12 15 8 16 6 11 9 2 7 19 20 5 13 1 3 14 17 4
13 2 7 14 17 8 6 19 15 3 9 11 18 4 20 1 5 16 12 10
19 6 5 20 9 11 1 18 7 10 3 15 2 17 12 13 8 4 14 16
19 2 5 17 12 1 9 18 16 4 20 15 14 6 13 8 10 3 7 11
9 5 16 18 10 15 3 11 7 12 4 1 6 19 8 2 13 17 20 14
19 7 8 9 4 13 17 18 15 11 6 10 20 5 12 1 3 14 16 2
6 3 7 5 13 8 14 11 9 20 18 12 4 15 10 19 17 1 2 16
19 11 2 5 14 17 15 10 4 1 6 8 20 13 7 16 12 3 9 18
15 20 4 1 10 2 13 17 19 6 8 16 7 9 11 14 18 3 5 12
8 20 13 9 15 19 10 7 4 14 5 1 6 12 18 3 17 2 11 16
9 18 15 6 19 2 14 7 5 12 4 20 8 1 17 11 10 16 13 3
14 15 3 11 2 19 17 5 10 9 20 7 13 16 6 4 12 1 8 18
9 14 1 20 19 17 15 4 8 11 12 5 3 2 16 7 6 13 18 10
16 14 1 3 9 2 18 20 15 5 7 12 8 11 17 6 10 13 4 19
11 6 19 1 7 13 4 3 15 12 17 14 9 20 5 10 2 18 16 8
17 16 4 9 13 3 6 2 19 11 12 5 15 10 8 14 18 7 1 20
9 2 1 3 12 6 5 10 8 20 14 17 19 11 7 4 13 15 16 18

12
SDOKFSD*&*D^##@$
SDFOKDSFS<D>F#(U(@
#@$*#(@)$SDF*H(FSD)
(*#$JSODFJ*(@*$#$#))
KFOSDKFOU)#(@$&*)#@($)
SODSDUF*(FSDFSDFSF#@A)
afisa-f0-9-454254a0fg9a
afikj9a0sdifa09sf82341jop
afsdpokcsapodkfsapodfk
><FPF<EP<_#@_$#$#<@$#@
>?#@$>#@$P#@_)IDFFJPFDS
)(&*$)JSDOJFOSDJFSDSDFSDF
9 11 7 4 2 3 1 5 8 10 6 12
5 9 7 1 3 8 12 2 10 11 6 4
11 1 6 4 12 5 8 10 7 3 2 9
8 1 12 3 6 5 2 11 7 4 10 9
3 1 2 6 5 11 4 9 10 7 12 8
7 2 6 9 12 1 10 8 3 4 5 11
5 4 11 1 3 10 6 8 7 2 9 12
11 9 2 5 12 4 8 10 3 7 6 1
6 5 1 7 10 3 12 2 9 11 4 8
7 6 2 1 10 12 9 3 5 8 11 4
5 7 3 6 1 9 8 12 2 4 11 10
2 10 7 3 8 12 4 5 11 6 9 1
6 9 11 1 5 7 10 12 8 2 3 4
4 9 2 6 12 5 8 1 11 7 10 3
7 1 12 6 11 2 3 9 8 5 10 4
2 3 4 6 1 8 11 5 12 9 7 10
8 12 9 1 4 3 11 7 6 5 2 10
2 12 1 10 4 8 11 7 9 5 6 3
12 9 5 7 2 11 6 8 4 1 3 10
3 8 9 11 4 2 10 12 7 5 1 6
10 1 6 9 3 4 2 7 12 8 5 11
7 10 8 4 5 6 1 3 2 9 11 12
12 7 8 3 4 10 11 6 1 2 9 5
12 7 10 4 8 1 6 3 9 2 5 11
3 5 4 2 11 9 10 6 7 12 1 8
11 3 7 1 6 4 9 5 2 8 12 10
9 5 12 11 6 8 1 4 2 3 7 10
1 9 10 3 7 4 12 8 5 11 6 2
11 2 9 6 12 10 3 8 5 1 4 7
5 9 1 4 7 10 11 12 2 3 8 6
2 9 4 3 7 10 11 12 6 1 8 5
7 12 8 2 5 9 1 4 6 3 10 11
12 3 8 2 10 1 9 7 5 6 11 4
11 4 8 10 2 7 3 5 1 6 12 9
8 9 12 1 2 10 7 11 3 5 4 6
5 10 8 11 7 4 9 2 12 6 1 3
3 7 5 6 8 10 4 2 11 9 1 12
9 3 12 7 5 4 2 10 8 6 1 11
9 8 12 5 4 10 11 6 2 7 3 1
6 3 5 1 4 12 2 11 10 9 7 8
7 8 6 1 12 5 11 2 4 3 9 10
11 2 5 10 3 7 6 8 1 9 4 12
8 11 6 2 7 9 3 12 10 4 1 5
12 1 4 2 5 11 9 10 3 7 8 6
3 12 6 2 5 7 9 1 10 8 4 11
6 8 2 1 5 9 10 12 7 3 4 11
5 4 11 8 12 9 7 3 2 1 10 6
4 2 3 7 12 10 9 8 11 1 5 6
3 6 1 7 12 2 11 9 5 8 4 10
5 6 11 10 4 8 3 2 9 12 7 1
5 10 9 12 11 2 1 8 7 6 3 4
9 11 3 4 2 1 10 12 5 8 6 7
12 9 5 8 3 4 1 11 10 7 2 6
2 6 12 9 7 8 1 4 3 10 11 5
8 3 5 6 2 9 12 4 1 10 7 11
3 10 8 9 4 7 2 11 5 6 12 1
8 10 5 11 1 12 4 9 3 2 7 6
12 4 2 3 9 10 8 11 5 6 1 7
6 12 1 3 8 10 5 4 7 11 9 2
1 11 3 5 4 7 12 8 10 2 6 9
11 2 5 12 1 8 4 3 6 7 9 10
1 12 3 6 9 11 2 5 4 8 10 7
1 5 10 7 8 2 11 6 4 9 3 12
11 2 5 10 4 9 12 8 3 6 1 7
7 4 1 8 12 2 11 10 5 6 3 9
10 4 1 12 3 7 6 8 11 9 2 5
11 5 4 12 1 9 8 10 3 2 7 6
6 4 5 11 12 9 1 10 8 3 2 7
10 12 5 4 2 1 8 9 7 3 6 11
6 3 12 7 5 1 8 4 2 9 11 10
10 12 2 8 6 7 1 4 9 3 11 5
4 12 2 5 1 9 6 10 11 8 3 7
4 8 10 12 11 5 7 9 3 1 2 6
3 6 12 5 11 10 4 8 2 1 7 9
8 6 2 1 4 11 10 5 3 12 7 9
8 3 5 4 2 12 10 7 1 9 6 11
12 10 6 9 1 5 2 11 3 4 8 7
3 12 4 5 9 8 6 7 2 11 10 1
11 4 12 1 8 6 5 10 3 9 2 7
4 6 5 2 12 10 3 1 9 7 8 11
5 6 7 3 12 1 4 11 10 2 8 9
5 12 11 4 1 6 9 3 7 8 2 10
11 1 8 3 2 12 4 5 9 7 6 10
10 7 4 9 2 12 1 8 11 3 5 6
3 2 1 7 4 6 12 10 9 11 8 5
11 3 5 1 10 4 12 6 9 7 8 2
9 12 5 3 1 8 7 11 10 6 2 4
7 5 9 3 1 8 11 12 4 2 6 10
8 12 5 10 9 3 2 7 6 11 4 1
4 11 9 12 3 6 2 5 7 1 10 8
2 4 3 10 7 5 9 11 6 12 8 1
9 12 11 10 8 3 4 2 6 7 1 5
2 6 1 7 4 9 12 10 11 8 5 3
10 8 4 2 5 9 1 11 6 3 12 7
5 4 7 1 3 10 6 8 2 12 9 11
9 7 3 5 4 10 12 11 2 1 6 8
5 3 1 8 6 4 7 9 2 10 11 12
12 5 2 6 3 9 1 4 11 10 8 7
12 10 3 4 11 5 2 7 1 6 9 8
12 7 1 5 9 2 4 6 11 3 8 10
9 10 12 3 6 1 11 4 5 8 2 7
12 1 10 7 5 11 9 2 8 4 6 3
8 6 10 7 5 11 1 3 4 12 2 9
2 4 6 5 11 7 3 8 10 1 9 12
6 10 9 11 7 12 1 3 5 2 4 8
2 9 11 10 8 4 12 3 6 1 5 7
6 9 3 12 4 10 7 2 11 5 1 8
12 4 5 11 2 7 10 6 9 3 1 8
2 1 8 12 4 7 6 11 3 10 9 5
10 3 6 5 4 8 11 2 9 1 12 7
3 10 12 11 1 5 6 2 8 9 4 7
12 3 10 4 8 11 1 5 2 7 6 9
4 7 10 11 9 6 3 12 8 2 1 5
12 6 7 2 5 10 8 11 9 4 1 3
5 6 10 11 4 2 9 1 12 7 3 8
10 4 7 11 9 2 12 8 3 1 5 6
8 1 10 6 4 3 9 5 2 7 11 12
11 5 10 4 9 1 12 2 8 6 7 3
7 4 8 5 9 3 2 11 10 12 1 6
11 12 5 10 3 9 1 2 4 8 6 7
8 10 11 9 6 5 4 3 1 2 12 7
8 6 4 9 1 2 11 10 5 12 7 3
6 11 5 3 12 9 4 10 1 8 7 2
12 6 9 5 10 4 11 8 7 3 2 1
3 8 10 6 12 4 1 5 2 9 7 11
9 12 2 1 5 8 4 7 3 10 11 6
6 5 4 10 9 12 8 3 11 2 7 1
9 12 4 2 8 6 10 7 11 3 1 5
6 10 8 4 7 5 12 9 11 2 1 3
11 1 2 7 6 9 5 3 4 10 8 12
6 9 2 1 5 4 11 10 8 12 3 7
8 9 1 3 12 2 5 7 11 10 6 4
5 9 10 7 11 6 1 2 3 12 8 4
3 10 5 6 11 7 1 12 9 4 8 2
11 5 2 1 3 7 4 8 12 9 10 6
8 5 12 2 3 11 10 1 9 4 7 6
6 7 2 5 12 4 10 1 8 3 9 11
4 6 10 3 8 12 9 2 11 7 1 5
2 8 6 11 7 3 12 1 5 4 10 9
5 4 3 1 10 8 12 11 9 7 2 6
12 11 3 4 7 5 2 10 1 8 6 9
1 7 12 4 2 9 6 8 10 3 11 5
9 5 6 2 11 1 7 4 10 3 8 12
5 8 2 3 1 6 10 4 9 12 11 7
5 7 3 11 9 8 6 1 10 4 12 2
1 3 5 6 11 12 7 10 2 4 8 9
7 8 6 9 11 10 1 4 2 12 3 5
10 9 5 6 7 2 8 1 11 4 12 3
5 3 7 9 10 12 8 4 6 2 1 11
6 8 3 4 7 9 12 11 10 1 5 2
10 9 3 2 6 1 4 11 12 7 5 8
7 9 12 11 3 8 10 4 5 2 1 6
10 5 3 2 4 6 9 8 11 1 12 7
11 10 2 3 4 9 12 8 5 7 1 6
3 12 11 1 4 8 6 2 9 10 5 7
5 8 3 10 9 2 7 1 12 11 4 6
11 7 12 4 2 9 1 10 5 3 8 6
12 2 3 8 9 1 5 4 6 7 10 11
9 3 2 4 8 10 11 1 5 12 6 7
2 8 9 10 3 12 11 5 7 6 4 1
8 7 11 9 1 10 6 2 12 3 4 5
8 5 7 10 11 12 1 6 3 9 4 2
11 7 5 12 10 6 9 3 8 4 2 1
3 12 5 11 1 7 2 9 8 10 4 6
6 2 3 11 12 7 10 1 8 5 9 4
3 5 4 1 8 12 9 6 2 10 11 7
6 10 4 8 2 5 12 9 3 7 1 11
12 1 8 2 4 6 5 11 10 7 9 3
5 3 2 8 9 10 12 1 11 7 6 4
5 4 6 11 1 12 7 8 2 9 3 10
8 1 10 3 2 12 11 5 4 7 6 9
8 5 4 1 10 2 6 7 12 9 11 3
3 12 9 1 7 10 11 5 8 6 4 2
9 11 7 6 5 3 2 4 1 10 8 12
5 4 1 12 7 6 11 2 10 9 8 3
1 4 7 11 9 6 3 2 5 12 10 8
11 9 1 7 4 12 6 8 10 3 2 5
11 7 12 6 9 4 10 2 8 3 1 5
4 3 12 9 7 5 2 10 8 6 1 11
11 4 6 9 12 7 3 1 5 2 8 10
12 9 10 7 11 2 6 1 3 5 4 8
5 7 10 2 9 3 11 8 12 4 1 6
2 3 11 9 7 8 5 4 6 12 10 1
12 1 3 10 4 9 6 8 11 5 7 2
10 7 1 6 9 4 12 2 3 8 11 5
10 2 7 8 1 9 4 5 3 12 11 6
8 3 6 5 1 7 2 10 12 4 9 11
6 4 8 11 12 1 2 9 3 5 7 10
1 9 12 3 10 7 4 2 5 8 11 6
11 3 2 6 12 10 8 1 7 4 5 9
6 5 10 12 3 11 1 4 9 2 8 7
7 6 5 3 2 10 4 11 1 12 9 8
10 6 11 2 3 5 8 9 7 12 1 4
12 4 11 7 6 10 3 9 8 1 2 5
1 10 6 2 12 7 4 11 8 5 3 9
3 9 8 2 12 5 1 6 10 11 7 4
2 1 12 7 8 6 11 5 3 4 9 10
7 8 12 11 6 1 4 3 10 9 5 2
2 12 8 6 5 7 9 11 4 10 1 3
5 6 7 4 8 9 3 12 2 1 11 10
3 1 5 12 7 4 9 2 6 8 10 11
7 9 4 12 5 6 8 10 1 3 11 2
7 11 10 9 2 3 8 1 5 6 4 12
12 6 8 9 11 4 7 10 3 5 1 2
2 10 11 9 8 7 1 4 5 12 6 3
1 2 9 5 12 4 7 6 11 3 8 10
3 8 10 11 12 9 1 4 2 5 7 6
6 1 2 12 10 8 3 5 7 9 11 4
5 10 6 11 12 4 3 8 2 1 7 9
4 6 11 10 8 2 12 1 9 3 5 7
11 5 9 12 6 2 7 10 1 4 8 3
1 12 2 4 9 3 6 5 10 11 7 8
1 9 8 4 12 5 10 7 11 3 6 2
2 4 7 9 6 11 5 8 10 12 3 1
2 4 10 1 3 9 12 11 7 5 8 6
5 7 10 8 1 3 9 4 6 12 11 2
4 6 1 11 5 7 10 3 9 8 12 2
10 5 11 3 6 2 1 7 9 12 4 8
12 6 7 5 9 1 11 10 2 4 8 3
5 4 3 9 2 12 6 7 1 10 8 11
12 10 8 2 1 9 11 3 7 6 4 5
2 4 1 7 10 11 3 12 9 8 6 5
3 9 1 4 10 7 6 2 12 11 8 5
10 3 2 7 5 9 8 12 11 4 1 6
9 7 6 10 8 11 3 2 4 12 5 1
7 4 6 12 2 9 1 3 11 5 10 8
6 1 2 7 4 11 12 10 9 5 8 3
3 11 12 10 8 6 7 2 4 5 1 9
8 2 9 1 11 10 12 7 6 3 4 5
10 4 5 9 1 8 11 3 2 7 6 12
5 4 6 8 10 2 12 11 7 1 3 9
11 3 7 8 4 12 6 5 1 9 10 2
11 2 3 8 1 7 5 6 10 4 9 12
9 2 12 1 7 8 6 5 3 4 11 10
5 1 12 7 2 3 11 9 4 10 8 6
2 3 1 8 10 5 9 4 6 12 11 7
6 1 4 9 10 3 5 7 12 8 11 2
9 4 6 8 7 11 2 3 5 10 1 12
11 6 4 12 5 7 3 1 8 10 2 9
7 2 11 12 5 6 9 4 3 10 8 1
10 1 4 2 5 3 12 9 6 11 7 8
5 9 12 2 7 11 8 1 10 3 6 4
5 12 4 3 7 6 9 10 1 2 11 8
3 5 10 11 1 7 4 6 9 2 12 8
9 4 7 11 3 10 5 6 2 12 1 8
10 7 12 6 5 9 1 8 11 3 4 2
1 11 3 2 7 12 4 5 8 9 10 6
1 5 6 7 10 11 12 3 2 8 9 4
11 9 1 3 10 12 7 5 4 2 6 8
3 2 5 4 6 10 9 11 12 8 7 1
6 7 4 9 1 10 3 12 8 11 5 2
8 1 9 7 10 4 3 5 6 2 11 12
6 11 10 8 1 12 9 4 5 2 3 7
2 8 11 7 12 6 1 4 3 10 9 5
8 2 5 10 11 9 4 12 1 7 6 3
4 12 10 6 7 9 11 1 3 8 2 5
8 11 6 3 12 5 1 4 2 7 9 10
2 5 11 4 1 12 6 8 7 10 9 3
3 6 2 4 9 1 7 5 8 12 10 11
10 7 5 9 11 2 8 1 3 6 12 4
12 4 7 1 10 2 6 9 3 5 8 11
3 2 8 6 9 4 5 7 12 1 11 10
2 8 7 11 3 10 1 5 12 9 6 4
11 5 6 10 7 3 9 8 4 12 1 2
12 11 1 4 2 6 5 7 8 3 9 10
7 11 6 5 9 2 10 3 4 1 12 8
2 6 4 7 1 11 9 12 5 8 3 10
10 12 4 11 7 9 1 6 3 8 2 5
12 4 9 6 11 7 1 2 3 8 5 10
3 1 9 6 2 11 10 4 5 12 8 7
3 11 2 9 4 5 12 7 8 6 10 1
4 11 5 1 12 3 9 10 6 7 2 8
11 3 12 10 6 5 2 9 7 8 4 1
3 7 5 11 10 6 2 12 8 1 9 4
10 5 4 1 6 7 8 2 11 9 3 12
11 8 3 4 6 7 10 5 2 9 1 12
2 9 6 4 3 5 7 8 1 10 11 12
8 2 1 11 12 4 10 7 5 3 9 6
7 2 3 11 4 6 9 10 5 12 8 1
6 11 7 8 1 9 2 5 4 10 12 3
1 4 7 9 8 3 10 6 5 11 2 12
2 7 5 10 12 6 11 1 8 9 4 3
10 1 9 8 11 7 6 3 2 5 12 4
8 2 12 10 7 5 4 1 3 9 11 6
11 1 7 5 2 3 9 4 6 12 8 10
1 4 3 2 11 10 12 6 8 5 9 7
9 4 1 8 10 2 6 3 7 5 12 11
2 1 12 3 5 11 4 10 9 6 7 8
6 10 5 7 12 1 3 11 2 9 4 8
11 10 9 5 6 7 8 3 4 12 2 1
12 6 11 3 5 9 2 8 7 4 1 10
10 3 5 6 11 12 2 4 7 1 8 9
9 7 6 2 8 10 3 4 12 1 5 11
9 5 11 8 2 4 6 7 10 1 3 12
11 8 3 5 7 12 4 2 9 1 6 10
5 6 12 8 7 3 1 11 4 10 9 2
1 2 4 7 9 11 8 12 5 3 10 6
9 2 6 8 11 7 12 1 5 4 10 3
10 6 11 1 5 7 12 4 2 3 9 8
7 6 2 1 11 3 9 12 8 4 10 5
7 9 1 5 12 2 11 4 6 10 8 3
4 2 5 12 8 6 1 9 11 3 10 7
1 9 11 4 2 7 12 3 10 8 5 6
6 2 3 5 10 11 7 4 12 8 1 9
8 10 12 4 7 5 3 6 1 9 11 2
11 1 12 3 10 9 4 5 8 7 2 6
8 9 7 11 2 12 4 5 1 6 3 10
10 7 3 11 1 9 4 6 5 2 12 8
10 9 12 8 4 5 7 2 11 3 6 1
3 8 7 5 2 12 1 9 11 10 6 4
4 6 12 9 2 7 11 10 8 5 3 1
12 10 4 2 6 9 3 5 1 7 8 11
9 3 6 2 11 12 4 1 8 7 10 5
1 11 12 5 6 10 2 8 7 4 9 3
8 7 2 12 11 1 6 4 9 10 5 3
4 2 1 3 10 11 12 7 6 5 9 8
4 6 7 10 3 8 2 9 5 1 11 12
7 11 8 10 3 9 5 1 4 2 6 12
5 12 4 1 3 8 2 11 7 9 10 6
12 2 11 1 5 4 10 6 3 7 8 9
9 6 8 7 12 10 11 4 3 2 5 1
6 7 9 2 11 8 10 12 5 1 4 3
9 5 3 1 12 6 8 7 10 2 4 11
2 12 4 11 6 5 1 7 10 9 3 8
11 1 2 7 9 3 5 4 6 8 12 10
7 3 11 8 12 1 9 6 5 2 4 10
4 9 7 12 11 8 5 10 6 1 3 2
4 7 11 10 3 6 9 1 12 2 5 8
5 9 12 1 3 8 7 2 4 11 10 6
5 7 11 8 1 10 3 2 6 9 4 12
12 11 6 10 7 5 9 1 2 8 3 4
6 9 4 8 2 10 12 3 1 7 11 5
6 12 8 1 9 7 2 11 5 3 10 4
12 8 9 3 5 11 2 1 6 7 4 10
2 6 1 3 8 4 10 7 12 9 11 5
11 7 6 10 3 4 2 5 1 12 9 8
10 8 9 12 3 11 5 6 7 2 1 4
6 10 8 5 1 9 7 2 4 12 3 11
8 11 4 12 1 5 10 7 6 9 2 3
8 10 5 9 3 12 4 6 11 2 1 7
11 6 10 7 2 8 9 5 3 4 1 12
3 6 10 11 7 8 5 12 2 1 9 4
10 5 3 2 12 9 6 8 4 7 11 1
4 3 1 12 10 9 5 8 6 11 2 7
3 4 5 9 6 8 1 10 11 7 2 12
5 1 12 6 11 2 4 3 10 9 7 8
4 6 12 1 10 2 9 8 11 3 7 5
5 7 6 11 8 12 9 10 1 2 4 3
2 3 6 8 1 10 7 9 4 5 11 12
10 8 7 4 11 5 9 12 2 1 3 6
5 8 11 4 9 3 1 2 6 10 12 7
10 6 12 2 8 9 7 4 3 5 1 11
2 10 11 4 9 1 12 3 5 6 7 8
8 11 7 1 3 9 5 6 12 10 2 4
7 1 2 6 8 10 3 5 11 9 4 12
3 6 2 10 12 11 7 5 1 9 8 4
11 1 3 12 9 4 7 6 8 2 10 5
8 7 6 1 12 3 9 10 11 5 4 2
6 3 10 12 8 7 4 11 5 2 1 9
5 3 9 7 1 11 4 6 10 2 8 12
7 10 3 1 11 12 4 5 9 8 2 6
7 8 10 9 2 5 12 4 3 11 6 1
10 4 12 3 5 2 6 11 8 1 7 9
7 6 11 12 3 1 5 9 4 10 2 8
11 3 2 1 8 4 5 12 9 7 6 10
1 10 2 5 4 8 7 3 9 6 11 12
3 10 1 7 12 5 9 2 6 4 11 8
4 8 3 2 11 1 10 12 6 7 5 9
7 10 3 5 11 9 2 6 8 4 1 12
10 5 4 11 2 1 12 6 8 3 9 7
4 9 6 11 10 8 12 5 3 2 7 1
11 10 4 9 2 3 7 5 8 6 1 12
11 1 12 8 3 9 7 6 5 10 2 4
6 12 11 3 2 5 8 4 9 10 1 7
9 5 3 6 1 10 12 4 8 2 7 11
10 1 11 2 6 9 5 3 8 12 4 7
7 4 12 3 10 1 2 5 9 8 11 6
3 4 7 2 6 12 5 9 11 1 10 8
4 1 11 8 2 10 9 7 6 12 3 5
3 5 11 2 12 10 7 1 6 8 9 4
6 2 8 11 3 7 1 10 4 9 5 12
9 4 3 2 1 12 6 8 7 5 11 10
6 9 5 12 3 1 11 7 2 10 8 4
9 12 5 4 11 2 10 8 6 1 3 7
2 8 1 4 9 3 7 6 10 11 12 5
4 8 11 1 7 2 5 10 3 6 9 12
9 12 8 1 7 5 6 4 10 11 2 3
4 5 2 7 3 12 10 8 9 11 6 1
12 6 4 11 10 3 7 1 8 5 2 9
12 1 7 5 9 10 2 6 11 4 3 8
8 2 4 6 3 1 5 12 10 11 7 9
11 6 5 9 1 8 3 10 12 2 4 7
11 8 3 2 4 7 9 12 6 10 5 1
5 4 6 11 1 10 7 3 9 2 12 8
9 12 6 1 10 3 4 8 2 7 5 11
5 8 4 7 1 10 3 2 12 11 6 9
5 1 9 10 8 11 7 3 6 2 12 4
2 4 10 11 1 8 12 3 9 5 7 6
11 10 9 4 12 1 6 8 3 7 2 5
2 7 5 3 4 9 11 10 6 12 1 8
11 2 1 8 3 5 7 10 4 6 12 9
10 9 8 3 2 7 12 6 4 11 1 5
10 6 4 12 7 8 5 1 9 3 2 11
7 11 8 6 4 5 1 10 2 3 9 12
6 1 10 8 5 3 9 7 4 2 11 12
7 5 8 3 6 2 4 11 1 10 9 12
2 7 4 10 1 12 3 6 11 8 5 9
5 7 12 11 9 6 2 4 3 1 10 8
8 3 5 7 9 2 1 12 4 6 11 10
9 7 10 2 1 11 12 8 4 5 6 3
8 11 7 10 5 1 9 3 12 2 6 4
1 4 2 3 12 6 8 9 5 10 11 7
6 8 1 11 3 2 7 9 5 12 10 4
3 5 4 11 10 8 6 7 9 1 12 2
3 6 5 2 12 8 7 11 4 9 1 10
11 2 9 6 10 8 4 12 5 7 3 1
1 9 5 12 11 8 7 6 4 10 2 3
9 8 6 2 4 12 7 10 1 11 3 5
8 3 11 5 10 12 4 1 2 7 6 9
2 5 9 10 4 11 6 8 7 12 1 3
6 5 3 8 4 2 9 1 11 7 10 12
9 1 12 6 11 8 4 10 2 5 7 3
4 6 1 10 7 2 9 11 3 5 8 12
7 1 9 5 11 8 12 3 6 2 4 10
10 7 6 1 9 2 12 5 4 3 8 11
6 1 2 8 7 5 4 9 11 3 10 12
6 9 7 11 3 8 12 4 5 2 10 1
6 11 1 2 8 12 4 7 10 3 9 5
4 11 1 10 7 3 5 8 12 2 6 9
4 10 5 3 12 8 6 7 11 1 9 2
8 11 2 6 1 9 4 7 12 10 3 5
4 6 3 8 12 9 11 7 1 10 5 2
5 2 10 9 4 8 6 11 12 7 1 3
2 10 7 8 6 5 1 4 3 12 11 9
3 12 7 10 1 2 11 4 9 6 8 5
5 8 1 4 10 6 9 12 11 2 7 3
12 11 10 2 7 5 9 6 4 3 8 1
10 7 11 6 9 12 3 4 2 5 1 8
8 11 4 10 1 12 2 5 3 6 7 9
2 6 1 5 11 7 9 10 4 3 8 12
4 1 6 11 12 8 5 9 10 3 7 2
8 6 4 10 3 2 1 12 11 9 5 7
6 12 5 4 1 8 10 7 9 11 3 2
7 6 10 11 4 9 8 3 12 2 1 5
4 5 9 7 2 11 6 1 12 3 10 8
6 8 11 2 12 10 7 3 1 4 5 9
3 1 4 8 5 12 2 10 9 6 11 7
7 6 2 11 4 3 8 12 1 9 5 10
12 10 5 6 3 9 1 7 2 4 11 8
1 7 3 2 4 11 9 6 10 8 5 12
2 4 5 3 8 1 9 6 10 11 7 12
10 12 11 9 5 3 8 1 4 7 6 2
7 8 10 1 5 2 11 12 9 3 6 4
5 3 10 2 1 12 7 6 4 11 9 8
5 6 2 10 1 3 12 11 4 8 7 9
12 4 6 10 3 8 2 7 9 1 5 11
11 1 8 9 3 6 12 7 4 5 2 10
5 2 1 11 9 4 7 8 6 3 10 12
7 10 4 1 11 9 8 6 2 12 3 5
4 2 9 5 12 10 6 8 11 3 7 1
8 12 3 4 2 9 7 6 11 10 5 1
12 4 6 3 1 9 5 2 10 7 11 8
11 10 4 8 5 6 3 2 12 9 1 7
11 6 1 12 2 10 5 3 4 9 8 7
5 3 2 4 11 12 8 10 7 6 1 9
1 5 9 10 8 2 4 7 3 6 11 12
9 11 12 8 7 10 4 1 5 6 3 2
8 5 6 2 11 4 12 9 7 1 3 10
3 2 12 9 10 7 8 1 5 11 6 4
11 5 3 8 7 6 9 1 4 12 10 2
8 1 7 5 6 12 9 3 10 2 11 4
9 6 1 12 8 7 5 11 4 10 3 2
10 3 1 7 9 11 8 12 5 6 2 4
2 10 7 5 12 6 9 11 4 3 1 8
7 2 12 9 10 1 11 8 6 4 5 3
12 5 3 11 2 1 8 7 9 4 10 6
4 9 10 1 8 12 6 11 5 2 7 3
12 7 5 10 4 3 11 6 9 2 8 1
3 1 6 9 8 10 11 7 5 12 2 4
10 11 7 1 12 6 9 5 4 8 3 2
9 11 12 6 10 1 4 5 8 2 7 3
4 2 8 3 9 7 12 6 5 11 1 10
5 11 4 6 1 7 12 8 2 9 10 3
3 4 8 1 6 2 12 9 7 11 5 10
3 10 5 9 2 12 11 6 7 4 8 1
12 6 11 3 10 9 1 5 8 2 7 4
9 6 2 3 11 5 1 4 12 10 8 7
11 8 12 3 9 10 4 7 2 1 6 5
3 6 12 7 5 10 4 11 2 1 9 8
10 12 11 8 4 7 6 9 1 5 2 3
4 8 12 10 2 11 3 9 1 6 7 5
4 8 1 5 6 3 9 10 2 7 11 12
10 6 7 3 9 8 5 1 4 12 2 11
2 8 3 11 10 1 4 7 6 12 9 5
6 2 7 11 5 12 9 1 4 10 8 3
10 7 5 12 9 1 11 8 4 3 6 2
12 6 9 4 2 5 7 8 10 3 1 11
4 5 6 8 7 9 2 1 10 11 3 12
3 12 5 1 10 11 9 8 6 2 7 4
7 11 1 6 2 10 3 9 4 12 8 5 

50
Aatrox
Ahri
Akali
Alistar
Amumu
Anivia
Annie
Ashe
Aurelion Sol
Azir
Bard
Blitzcrank
Brand
Braum
Caitlyn
Camille
Cassiopeia
Cho'Gath
Corki
Darius
Diana
Dr. Mundo
Draven
Ekko
Elise
Evelynn
Ezreal
Fiddlesticks
Fiora
Fizz
Galio
Gangplank
Garen
Gnar
Gragas
Graves
Hecarim
Heimerdinger
Illaoi
Irelia
Ivern
Janna
Jarvan IV
Jax
Jayce
Jhin
Jinx
Kalista
Karma
Karthus
28 42 35 10 12 38 19 4 27 15 3 18 40 29 5 9 22 45 16 33 44 8 48 13 30 26 2 17 47 23 24 34 36 37 41 21 43 6 46 49 11 31 20 7 50 25 39 32 1 14
34 18 19 5 7 38 21 4 3 1 2 44 43 35 6 41 46 13 11 17 25 10 32 12 47 45 8 14 23 22 39 31 26 20 33 15 9 42 50 48 37 24 49 30 16 27 40 36 29 28
14 16 42 1 11 22 45 35 5 24 20 27 36 50 38 43 19 30 26 44 41 40 2 18 7 37 29 8 47 15 32 9 3 6 25 39 28 17 31 33 13 10 12 23 21 49 34 4 48 46
3 32 26 1 45 42 50 38 14 6 9 29 30 2 21 28 33 41 7 25 18 35 40 23 13 44 16 5 12 19 17 31 11 37 8 24 43 15 34 20 47 4 36 10 27 22 48 49 39 46
35 33 39 50 34 6 20 30 24 27 9 48 38 2 3 22 41 47 17 18 43 40 44 5 29 10 7 16 37 45 28 23 8 46 12 13 21 14 36 31 49 11 1 25 19 15 26 32 4 42
23 20 41 26 47 50 24 30 17 19 40 43 18 31 4 35 14 42 10 1 25 21 13 5 45 34 46 22 28 9 11 16 33 38 32 2 7 49 37 39 3 36 6 27 12 8 29 44 15 48
39 26 31 25 33 42 21 28 22 4 7 30 8 27 50 6 29 17 20 14 46 19 43 38 2 40 37 35 36 49 13 10 1 5 24 23 11 41 47 16 34 3 45 32 18 12 44 48 9 15
11 41 19 4 31 6 22 9 40 43 14 18 36 35 37 17 34 5 50 3 23 29 26 44 2 28 13 24 32 38 1 10 48 25 7 27 49 8 30 20 39 47 42 21 45 15 16 12 33 46
21 9 39 12 36 49 40 17 7 41 43 30 33 29 34 15 13 23 35 4 11 16 32 3 26 31 1 45 42 10 19 14 44 6 50 48 46 5 28 47 25 37 18 22 38 27 8 20 24 2
13 21 50 16 12 3 34 43 8 32 14 20 17 28 39 27 9 46 33 44 6 29 19 35 37 31 23 11 41 22 4 2 24 40 42 47 30 15 26 49 5 25 7 45 1 10 18 48 36 38
8 5 20 42 2 35 18 24 19 29 50 27 4 15 45 33 7 31 40 37 17 47 13 21 34 11 16 9 6 46 14 26 1 25 23 10 30 38 32 36 39 12 48 49 44 41 3 22 43 28
8 28 20 18 12 31 37 24 42 45 35 40 2 13 7 16 15 10 11 33 44 25 19 41 50 26 4 39 34 21 27 14 9 32 23 49 46 38 6 17 43 5 30 36 3 1 47 29 48 22
37 44 9 36 2 23 35 38 16 17 39 22 41 27 6 31 14 32 40 30 50 21 11 46 8 25 47 15 45 5 4 3 10 48 13 24 12 28 43 49 33 7 29 42 26 18 34 1 19 20
44 26 48 20 42 45 17 35 28 30 7 13 41 3 8 18 49 31 19 43 2 24 5 22 11 46 15 9 34 33 14 10 1 4 29 25 37 23 40 27 21 32 39 6 12 16 47 36 50 38
12 9 5 21 47 3 39 45 13 29 35 25 14 16 38 7 11 43 36 32 48 28 30 20 46 42 23 49 1 34 50 40 18 37 41 19 15 33 17 2 6 26 44 10 8 4 27 24 22 31
39 45 32 27 40 8 34 24 37 4 6 26 33 3 2 28 21 47 30 42 23 5 17 19 12 46 16 18 10 1 43 29 36 9 44 15 14 49 31 38 50 35 20 41 13 7 11 48 25 22
37 32 9 35 17 26 5 6 19 30 43 31 38 3 11 39 4 16 48 13 22 20 46 18 29 1 8 21 27 41 47 12 40 24 33 15 45 23 14 34 2 36 42 25 10 28 49 7 50 44
13 16 35 42 31 43 22 48 6 26 32 19 34 9 20 33 12 30 3 29 47 45 44 18 36 38 1 17 41 25 7 11 5 40 24 21 2 37 49 23 8 28 4 39 27 14 50 10 46 15
29 25 42 12 49 14 50 21 7 40 39 3 22 15 35 43 1 47 38 23 30 48 17 36 10 37 9 27 18 32 33 45 46 13 16 41 5 26 20 31 6 44 8 28 24 11 19 34 2 4
4 21 26 30 10 7 33 16 45 25 48 13 50 40 46 36 19 1 38 6 43 20 39 14 23 42 24 41 44 27 35 49 32 47 3 15 8 17 37 12 34 28 11 9 2 29 31 18 5 22
27 8 29 43 5 35 13 21 37 4 17 16 46 12 23 3 22 25 1 28 50 34 32 41 33 24 45 39 9 20 38 7 40 31 26 44 30 10 42 47 36 11 48 15 49 18 14 2 19 6
50 26 39 21 23 43 8 35 33 37 22 45 36 18 31 24 46 17 2 20 29 6 42 16 10 38 1 7 15 9 47 49 25 34 3 27 13 4 5 30 40 32 12 14 11 19 48 28 41 44
24 12 35 15 22 10 4 9 43 26 36 19 33 50 1 41 7 16 13 49 42 17 44 11 34 14 28 39 2 46 25 21 48 29 5 20 37 6 30 3 40 18 38 27 47 45 8 31 23 32
30 37 36 24 23 5 3 42 8 48 35 46 32 49 31 4 13 11 47 16 29 19 15 44 6 28 41 39 18 50 21 10 9 17 33 2 20 40 34 14 7 22 27 45 38 26 1 12 43 25
6 13 36 44 42 9 28 39 5 32 15 21 8 24 25 33 17 12 47 46 19 20 16 49 2 43 38 37 1 23 31 26 48 18 34 45 14 27 40 50 10 11 35 41 30 3 7 22 29 4
11 37 47 18 4 3 19 39 23 8 16 24 26 33 13 7 6 45 17 48 20 50 36 38 15 28 46 49 29 42 27 41 40 1 2 25 21 10 14 9 22 32 34 5 43 31 35 12 30 44
1 23 48 43 3 29 37 35 17 42 2 16 50 44 49 4 31 25 21 38 12 27 36 40 9 13 39 32 33 7 47 41 8 30 24 19 6 18 11 5 15 34 26 45 14 28 20 46 10 22
6 41 46 25 49 1 28 40 30 3 29 7 45 23 48 11 27 50 12 2 8 39 13 33 34 31 35 47 16 37 38 15 10 22 19 24 18 17 26 32 20 44 21 42 4 43 9 14 36 5
43 41 21 14 44 15 30 2 37 13 36 10 42 8 12 5 46 9 26 32 23 25 39 48 11 45 3 31 19 22 6 16 47 28 33 50 4 35 17 38 40 20 34 49 18 7 24 27 1 29
32 14 22 4 3 39 25 10 47 44 49 34 48 37 42 38 9 30 18 35 16 26 13 2 1 15 46 27 23 29 21 31 33 19 8 41 43 7 17 45 12 5 20 36 28 50 11 6 40 24
14 36 23 18 40 5 30 35 24 15 48 34 37 4 3 21 32 27 46 22 41 2 43 49 7 39 38 47 9 10 29 45 17 42 33 25 26 8 31 50 12 44 20 11 1 16 28 6 13 19
2 1 31 41 15 7 35 36 40 29 9 26 8 23 50 17 39 11 49 44 43 12 21 27 33 20 30 46 6 32 37 18 22 24 4 48 25 19 16 38 47 14 28 34 45 3 13 5 10 42
38 3 27 19 20 8 37 48 16 28 21 50 22 30 25 31 47 34 39 45 46 17 29 4 13 10 18 41 42 1 23 7 6 49 40 14 2 33 32 9 24 5 11 43 36 12 44 35 26 15
44 31 39 17 49 40 47 9 27 43 14 50 25 13 42 30 12 5 32 6 23 8 11 10 1 22 38 15 34 41 46 33 45 36 21 19 24 35 7 26 29 37 2 28 20 3 16 48 18 4
26 21 15 39 3 25 13 32 40 47 10 27 36 12 5 2 1 46 33 43 50 28 19 9 41 24 18 49 20 45 11 35 30 44 37 48 42 34 22 4 17 14 8 23 7 31 16 38 29 6
4 3 28 47 21 36 45 46 39 33 41 44 38 27 8 29 22 43 18 7 12 49 42 24 34 10 1 9 2 19 6 20 23 17 32 50 48 40 31 14 15 25 26 5 35 13 37 30 16 11
19 28 4 43 31 23 7 6 30 35 3 48 21 12 16 42 46 26 11 36 1 45 44 24 32 34 10 47 20 18 13 41 8 33 37 2 27 9 22 38 50 14 5 17 25 29 40 15 39 49
23 7 9 24 48 38 22 41 30 47 13 2 8 10 14 1 44 28 20 50 37 32 19 21 43 36 29 18 4 16 49 6 35 42 12 34 17 3 11 27 40 45 39 25 46 31 5 15 33 26
39 15 18 30 13 7 4 19 48 1 9 26 28 10 40 24 31 36 49 11 16 12 41 21 27 17 50 6 44 34 43 23 45 3 37 38 29 2 33 5 47 25 20 22 42 35 14 46 8 32
16 44 2 18 34 28 39 41 23 9 31 13 50 37 46 3 7 4 12 43 6 15 19 1 30 20 29 5 35 47 42 22 26 8 11 24 40 17 10 21 48 32 33 25 27 14 45 38 36 49
49 32 4 23 50 22 47 15 28 25 20 29 1 45 34 14 19 5 6 9 12 36 16 3 13 42 21 7 24 41 33 44 30 39 46 40 31 26 8 37 17 43 38 48 11 35 2 27 10 18
4 7 21 41 8 18 28 16 14 6 33 2 35 44 3 25 17 29 45 26 46 34 24 39 13 36 15 11 49 37 23 1 12 42 47 5 9 30 40 22 43 50 10 19 20 32 31 27 48 38
23 38 26 15 7 27 33 41 1 32 36 3 34 24 11 47 46 44 28 16 30 49 13 43 42 35 48 21 8 31 50 9 22 29 17 40 2 4 20 39 12 18 5 6 25 37 45 10 19 14
25 31 1 24 32 36 21 11 17 41 3 20 6 2 30 34 43 40 29 13 35 38 18 49 9 22 42 48 8 10 7 37 12 45 44 23 4 50 33 26 15 16 39 46 27 5 28 19 14 47
21 3 27 6 31 9 47 46 15 32 26 36 10 17 48 4 34 11 20 44 8 30 38 28 33 18 49 1 13 50 39 2 37 35 23 41 29 43 25 42 45 7 24 22 14 16 40 19 12 5
21 22 24 39 49 28 15 11 43 44 42 7 34 5 17 2 45 36 10 35 16 6 1 27 31 18 19 40 8 26 32 3 47 20 33 30 4 46 41 29 37 38 9 25 48 13 50 14 23 12
15 36 17 47 16 35 22 38 33 1 43 37 27 2 41 45 8 11 42 30 7 4 40 50 5 20 24 34 26 12 28 46 21 25 49 31 44 6 9 19 13 3 10 39 29 18 14 32 23 48
39 45 3 32 15 34 19 6 4 16 41 33 37 31 42 30 14 29 28 50 13 44 9 12 20 46 27 10 1 48 7 43 40 38 36 23 5 49 22 17 25 47 26 21 24 8 2 35 11 18
24 2 14 40 11 38 8 28 29 37 31 22 50 41 16 6 12 5 44 20 42 35 19 36 15 26 39 3 32 47 13 18 17 10 43 45 9 30 7 34 46 27 1 21 23 48 4 49 33 25
11 28 8 17 42 49 45 4 30 47 25 6 38 39 23 20 10 2 35 7 15 13 14 50 1 33 44 24 32 36 18 26 27 37 19 3 9 22 21 5 12 16 46 43 29 34 48 40 31 41