19

3
Dick Grayson
Damian Wayne
Jason Todd
1 2 3
3 2 1
2 1 3
2 1 3
3 2 1
2 1

3
Tim Drake
Bruce Wayne
Stephanie Brown
3 2 1
2 1 3
1 2 3
1 3 2
2 1 3
3 2 1

3
Cassandra Cain
Jonathan Kent
Clark Kent
1 2 3
1 3 2
3 2 1
3 1 2
2 1 3

4
Damian Wayne
Dick Grayson
Tim Drake
Jason Todd
1 2 3 4
3 4 1 2
2 1 3 4
1 2 4 3
3 2 1 4
2 4 1 3
1 2 4 3
1 4 3 2
3 2 1 4
2 1 3 2
3 2 1 4
3 2 1 4
4 1 2 3
4 1 2 3
1 2 4 3
1 4 2 3

5
Batman
Nightwing
Robin
Red Robin
Red Hood
1 2 3 4 5
3 2 1 5 4
3 2 1 4 5
3 2 1 5 4
2 1 5 4 3
5 4 1 2 3
3 2 1 5 4
2 4 5 1 3
1 5 4 2 3
3 2 1 5 4
3 2 1 5 4
2 1 3 5 4
3 2 5 4 1
2 5 4 1 3
1 4 5 2 3
5 4 1 2 3
3 2 1 5 4
2 5 4 1 3
3 2 1 5 4
4 5 1 2 3
3 2 5 4 1
4 5 1 2 3
3 2 1 5 4
2 5 4 1 3
1 3 2 5 4

5
Bruce Wayne
Dick Grayson
Damian Wayne
Tim Drake
Jason Todd
3 1 2 5 4
3 2 1 5 4
3 2 1 5 4
2 1 3 5 4
5 4 1 2 3
3 2 1 5 4
1 5 4 2 3
3 2 1 5 4
3 2 1 5 4
3 2 1 5 4
4 5 1 2 3
2 5 4 1 3
2 5 4 1 3
5 2 1 4 3
1 5 4 2 3
3 2 5 1 4
2 1 5 4 3
3 1 2 5 4
3 2 1 5 4
3 2 1 5 4
1 5 4 2 3
2 1 5 4 3
2 1 5 4 3
1 2 4 5 3
3 5 1 2 4


3
Felix Walken
Isaac Dian
Miria Harvent
3 2 1
1 2 3
2 1
3 2 1
2 1 3
1 3 2
1 2 3

2
Jacuzzi Splot
Adele
1 2
2 1
1
2
2 1
2 1
1 2
1 2
2

5
Tick Jefferson
Tack (Tim) Jefferson
Christopher Chareau de Red
Unnamed Photographer
Felix Walken
1 2 3 4 5
5 3 2 1 4
4 2 3 1 5
4 2 1 5 3
5
4 3 2 1 5
3 2 4 1 5
3 1 4 2 5
1 3 4
5 3 2
3 2 1
1 2 5 3 4
5 3 2 4 1
5 4 3 2 1
3 2 1 4 5
2 3 4 1 5
2 3 4 5 1
1 3 5 4 2
3 1 5 4 2
3 1
4 2
3 5
5 4
2 1
1 4
5 2

3
Luck Gandor
Ronny Shiatto
Raz Smith
1 2 3
3 2 1
1
3
2
3 2 1
2 3 1
1 3 2
2 1 3
2
1 2
2 1
3 2
1 2
3 2
1 3
3 1
1 2 3
3 2 1
1 3 2
1 3
3 2
2 3
2 1
3 2 1
3 2 1
3 1 2

4
Illness
Huey Laforet
Chane Laforet
Czeslaw Meyer
4 3 2 1
4 3 1 2
3 2 1 4
3 2 4 1
3 1 2 4
4 3 1 2
1 2 3 4
2 3 4 1
2 4 1 3
2 3
3 2
4 1
4 3
4
1 2 3
3 2 1
4
1 2 3 4
3 2 1
4 3 1
3 2 1
1 2 4
4 1 2 3
1 2 3
1 4 3 2
1 4 3
1 2 4
1 2 3 4
4 3 2 1
3 2 1 4
3 1 2 4
3 4 1 2
2 4 1 3
2 1 4 3
2 3 1 4
1 2 4 3
1 4 3 2
1 3 2 4
1 4 2 3
4 3 2 1
4 3 1 2
4 1 3 2
4 2 1 3

6
Tick Jefferson
Tack (Tim) Jefferson
Christopher Chareau de Red
Unnamed Photographer
Felix Walken
Illness
6 4 3 2 1 5
3 2 4 1 6 5
1 5 3 6 4 2
2 3 6 4 5 1
5 4 6 1 2 3
4 5 6 1 2 3
2 3 1 6 5 4
5 4 6
6 5 4
5 1 2 3
1 6 5 4
3 6 5 2 4 1
2 5 4 1 3 6
3 4 1 2 5 6
3 4 2 1 5 6
2 5 1 6 4 3
1 5 2 4 3 6
3 6 2 4 1 5
1 5 2 4 3 6
1 3 4 6 5 2
2 1 3 4 5 6
2 1 6
3 4 6
2 1
1
3
5
6 4 5 2
2 6 5 4 3 1
2 1 6 4 3 5
4 5 6 1 2 3
6 5 4 1 2 3
3 6 5 2 4 1
6 1 2
3 6 1
6 1 4
3 4 5
1 2 3 4 5 6
1 2 4 5 3
3 2 1 5
6 5 4 3
4 2 1
4 6 5
4 3 1 2
4 3 6 2
4 5 1
4 6 1 2 3 5
2 4 5 1 3 6
1 4 2 5 3 6
4 5 6 1 2 3

3
Huey Laforet
Chane Laforet
Czeslaw Meyer
1 2 3
3 2 1
2 1 3
2 1
2 3
1 3
1 2 3
1 3 2
2 1 3
3 2 1
3 2 1
3 2
1 2
1 3
2 3
1 2
3 2 1
3 2 1
1 2 3
2 1 3
1 3 2
2 3 1
1
2
3
3
2 1
3 2 1
3 1 2
3 2

5
Claudia Walken
Vlad Russo
Elmer C. Albotross
Firo Prochainezo
Mary Beriam
1 2 3 4 5
5 4 3 1 2
3 5 4 2 1
3 2 5 4 1
3 2 5 4 1
2 5 4 3 1
2 1 5 4 3
3 2 1 4 5
3 5 1 2 4
3 1 4 5 2
3 5 4 1 2
3 5 4 1 2
2 1 3 5 4
1 2 3 4 5
4 5 1 2 3
5 4 1 2 3
4 5 1 2 3
3 1 5 4 2
4 1 5 2 3
1 2 4 3 5
1 4 5 2 3
2 1 5 4 3
4 1 5 2 3
4 3 1 5 2
4 5 1 3 2
2 5 4 1 3
3 1 2 4 5
3 1 5 4 2
1 2
3 1
5 4
3 2
1 2
4 5
5 4
2 1
3 2
2 4
3 4
2 1
1 2 3
3 2 1
4 5 1
4 3 2
3 2 5
4 5 2
4 3 2
2 1 5
1 2 4
4 5 3 2
3 2 4 1
5 4 1 2
3 2 1 5
3 1 2 4
5 1 4 2
3 5 4 2
1 5 3 2
2 1 5 4
2 3 1 5

7
Who
Bill Sullivan
Nice Hollystone
Dallas Genoard
Eve Genoard
Maiza Avaro
Maria Barcelito
1 2 3 6 4 5 7
3 2 1 5 6 4 7
7 4 6 5 1 2 3
3 5 7 4 2 1 6
6 5 4 1 2 3 7
7 4 1 5 2 3 6
6 5 4 7 1 2 3
3 4 5 6 1 2 7
6 5 4 3 1 2 7
4 5 6 1 2 3 7
4 7 1 5 2 6 3
6 3 5 2 7 4 1
1 4 7 2 5 3 6
7 4 5 1 2 3 6
6 4 1 5 2 5 4
6 7 1 4 5 2 1
5 7 6 4 5 1 3
6 7 5 4 1 2 3
6 5 4 7 1 2 3
7 4 1 5 2 6 3
6 5 4 1 2 3 7
6 5 4 7 1 2 3
6 5 4 1 2 3 7
2 5 4 1 6 3 7
7 5 3 6 2 1 4
6 5 4 1 2 3 7
2 5 4 6 1 3 7
5 4 6 1 7 3 2
7 4 5 1 6 2 3
7 4 1 6 3 2 5
6 1 4 5 2 3 7
6 5 4 1 2 3 7
1 5 2 4 6 3 7
4 5 1 5 6 3 7
4 1 5 2 6 3 7
4 1 7 5 2 6 3
4 5 6 1 2 3 7
4 1 5 2 6 3 7
6 3 5 2 7 4 1
5 1 4 2 6 3 7
3 1 2 4 6 5 7
6 5 4 1 2 3 7
4 5
5 6
3 2
6 5
4 5
3 2
3 4
3 4
1 2
1 7
1 2 3
1 5 7
1 6 7
3 5 4
5 4 7
3 5 4
6 4 5
7 4 1
5 2 1
6 3 4
6 5 4
3 2 1
7 5 3
6 5 1
3 2 4
6 5 1
3 5 4
6 2 1
4 5 1 2
3 2 1 4
3 5 4 1
6 5 4 1
6 5 4 1
3 2 5 4
3 5 4 1
6 2 1 5
3 5 4 1
2 4 5 1
6 5 2 3
2 5 4 1
1 4 5 6
2 3 5 4
3 5 4 1
7 4 1 5
7 4 1 5
3 5 4 1
2 5 4 1
6 5 4 1
3 2 1 5

9
Ennis
Claire Stanfield
Lebreau Fermet Viralesque
Burga Gandor
Gustavo Bagetta
Goose Perkins
Jean Pierre Acardo
Szillard Quates
Lucina B. Campanella
9 8 7 5 6 4 2 3 1
3 2 1 4 5 6 7 8 9
9 4 5 6 7 8 1 2 3
3 5 4 6 1 2 7 8 9
9 5 1 8 4 7 2 6 3
3 2 6 1 5 9 4 8 7
6 5 4 9 8 7 1 2 3
1 2 3 4 5 6 7 8 9
9 8 4 5 6 7 1 2 3
3 5 4 1 2 6 7 8 9
9 4 5 6 7 8 1 2 3
2 5 8 7 4 1 3 6 9
2 1 3 4 5 6 8 7 9
8 4 6 1 5 3 2 7 9
8 4 6 2 1 3 7 9 5
5 4 6 7 9 8 1 3 2
9 8 7 5 6 4 2 3 1
3 2 1 4 5 6 7 8 9
9 4 5 6 7 8 1 2 3
3 5 4 6 1 2 7 8 9
9 5 1 8 4 7 2 6 3
3 2 6 1 5 9 4 8 7
6 5 4 9 8 7 1 2 3
1 2 3 4 5 6 7 8 9
9 8 4 5 6 7 1 2 3
3 5 4 1 2 6 7 8 9
9 4 5 6 7 8 1 2 3
2 5 8 7 4 1 3 6 9
2 1 3 4 5 6 8 7 9
8 4 6 1 5 3 2 7 9
8 4 6 2 1 3 7 9 5
5 4 6 7 9 8 1 3 2
5 4 6 1 3 2 7 9 8
6 1 4 5 2 3 7 8 9
9 8 7 4 5 6 1 2 3
3 4 5 6 1 2 9 8 7
7 8 9 4 5 6 1 2 3
3 4 5 6 1 2 7 8 9
9 8 7 4 5 6 1 2 3
3 4 5 6 8 7 9 1 2
3 4 5 6 7 8 9 1 2
2 1 3 4 6 5 7 9 8
9 4 6 5 8 7 1 3 2
4 5 6 1 3 2 7 9 8
2 5 8 7 4 1 3 6 9
2 4 6 5 1 3 7 9 8
2 1 3 4 6 7 9 5 8
8 5 2 3 4 6 1 9 7
9 7 8 4 6 5 1 3 2
2 1 6 4 5 7 8 9 3
3 2 1 6 4 7 8 5 9
9 5 1 3 4 6 7 2 8
8 5 2 1 4 6 3 7 9
3 1 2 4 6 5 7 8 9
9 4 5 6 7 8 1 2 3
3 5 4 1 2 6 7 8 9
9 8 7 4 5 6 1 2 3
3 2 1 4 7 8 5 6 9
3 2 4 5 1 6 9 8 7
7 5 6 8 9 4 1 2 3
3 5 4 6 1 2 7 8 9
6 5 4 9 8 7 1 2 3
3 5 6 4 1 2 5 4 8
6 5 4 1 2 3 6 8 7
9 8 7 4 5 6 2 3 1
3 6 5 2 1 4 5 6 3
6 8 9 7 4 5 1 2 3
3 6 5 4 1 2 7 8 9
1 2 3 6 5 4 7 8 9
7 8 9 6 5 4 1 2 3
7 8 9 4 5 6 1 2 3
4 1 5 2 6 3 9 7 8
8 5 2 3 6 9 7 4 1
8 5 4 6 9 7 1 2 3
9 8 7 4 5 6 1 2 3
3 2 1 4 5 6 9 8 7
6 5 4 7 9 8 1 3 2
1 2 3 4 6 7 8 5 9

9
Edward Noah
Claire Stanfield
Victor Talbot
Silvi Lumierre
Ennis
Lebreau Fermet Viralesque
Burga Gandor
Gustavo Bagetta
Goose Perkins
8 4 6 2 1 3 7 9 5
5 4 6 7 9 8 1 3 2
5 4 6 1 3 2 7 9 8
6 1 4 5 2 3 7 8 9
9 8 7 4 5 6 1 2 3
3 4 5 6 1 2 9 8 7
7 8 9 4 5 6 1 2 3
3 4 5 6 1 2 7 8 9
9 8 7 4 5 6 1 2 3
3 4 5 6 8 7 9 1 2
3 4 5 6 7 8 9 1 2
2 1 3 4 6 5 7 9 8
9 4 6 5 8 7 1 3 2
4 5 6 1 3 2 7 9 8
2 5 8 7 4 1 3 6 9
2 4 6 5 1 3 7 9 8
2 1 3 4 6 7 9 5 8
8 5 2 3 4 6 1 9 7
9 7 8 4 6 5 1 3 2
2 1 6 4 5 7 8 9 3
3 2 1 6 4 7 8 5 9
9 5 1 3 4 6 7 2 8
8 5 2 1 4 6 3 7 9
9 5 1 3 4 6 5 2 7
3 1 2 4 6 5 7 8 9
9 4 5 6 7 8 1 2 3
3 5 4 1 2 6 7 8 9
9 8 7 4 5 6 1 2 3
3 2 1 4 7 8 5 6 9
3 2 4 5 1 6 9 8 7
8 9 1 4 3 6 5 7 2
8 1 3 2 9 5 7 4 6
5 9 4 3 1 2 7 6 8
1 2 3 4 5 6 7 8 9
6 4 2 3 7 9 5 8 1
7 6 5 4 2 8 9 1 3
3 9 6 5 4 2 1 7 8
5 4 6 7 9 8 1 3 2
3 4 2 7 9 8 6 5 1
1 8 4 3 2 5 6 9 7
8 1 9 7 3 2 5 4 6
4 3 5 8 6 2 9 1 7
3 5 4 6 8 7 9 2 1
3 9 7 8 1 4 6 5 2
6 5 4 9 8 7 1 2 3
1 5 8 9 7 4 6 3 2
8 6 7 5 9 3 1 2 4
9 7 1 4 2 8 3 6 5
6 5 4 8 9 7 1 2 3
3 9 5 2 8 4 6 1 7
1 5 9 3 2 6 8 7 4
3 8 2 1 9 7 4 5 6
9 7 1 5 2 3 6 4 8
9 1 4 5 6 2 3 7 8
8 2 6 3 9 5 1 7 4
5 6 4 3 8 1 7 2 9
3 2 1 8 9 4 5 7 6
2 4 6 7 8 1 5 9 3
1 5 4 6 7 8 9 3 2
6 5 7 8 9 1 2 3 4
3 5 9 7 2 4 6 8 1
3 5 7 4 1 2 6 9 8
3 4 5 1 2 6 7 9 8
2 4 1 5 6 8 3 9 7
9 3 2 5 7 4 8 1 6
1 2 6 5 9 8 7 3 4
6 7 2 8 5 9 4 3 1
4 2 8 9 1 5 6 3 7
3 8 5 1 7 2 9 4 6
8 3 5 2 1 6 4 7 9
9 5 4 2 6 3 8 1 7
3 1 7 4 6 5 9 8 2
4 1 8 7 9 5 6 3 2
1 3 8 6 9 2 4 7 5
7 3 5 9 4 8 2 6 1
7 9 8 3 1 2 5 6 4
9 4 7 1 8 5 2 6 3
7 9 5 2 8 4 3 6 1
4 7 5 9 8 2 1 6 3
1 7 4 8 3 2 9 5 6
3 9 8 6 1 5 4 7 2
1 9 2 4 5 6 8 3 7
7 9 3 6 4 8 1 2 5
5 1 6 8 7 2 3 4 9
7 3 2 8 4 6 1 5 9
9 7 4 5 2 8 3 6 1
2 7 5 4 6 1 8 9 3
3 9 8 7 5 4 2 6 1
1 9 4 2 7 8 6 3 5
7 4 9 8 3 6 1 5 2
2 7 8 4 1 3 9 5 6
9 3 8 5 4 2 7 1 6
9 5 8 7 3 4 2 6 1
7 5 3 9 6 4 2 8 1
1 2 7 6 9 4 3 5 8
4 5 6 3 9 2 8 1 7
4 5 8 6 7 3 9 2 1
7 4 1 3 2 5 9 8 6
4 5 6 7 1 2 3 8 9
4 8 9 3 7 5 2 1 6
9 4 8 2 3 6 5 1 7
3 5 2 9 6 1 8 4 7
4 7 1 8 9 3 5 6 2
9 8 3 5 4 2 6 7 1
1 7 9 5 4 3 2 6 8
9 8 2 4 1 3 7 5 6

20
Ennis
Claire Stanfield
Lebreau Fermet Viralesque
Burga Gandor
Gustavo Bagetta
Goose Perkins
Jean Pierre Acardo
Szillard Quates
Lucina B. Campanella
Edward Noah
Claire Stanfield
Victor Talbot
Silvi Lumierre
Ennis
Lebreau Fermet Viralesque
Burga Gandor
Gustavo Bagetta
Goose Perkins
Jaccuzzi Splot
Who
19 5 11 8 4 17 7 15 13 10 2 12 16 20 18 14 3 6 9 1
17 4 2 9 13 19 3 20 14 1 6 18 16 8 11 5 10 15 12 7
11 12 6 4 16 1 17 13 14 18 15 9 20 7 8 2 3 5 19 10
4 14 15 5 3 2 17 6 12 18 1 20 8 13 10 19 9 7 16 11
17 20 13 18 12 11 8 6 9 10 14 15 19 7 5 16 3 2 1 4
5 19 17 16 18 6 3 10 4 14 1 20 11 15 7 9 13 2 12 8
11 6 4 13 18 2 14 12 9 15 7 5 3 19 16 8 10 20 17 1
16 6 12 17 2 1 20 13 10 7 5 11 4 18 8 14 19 3 15 9
14 8 11 13 4 15 10 12 19 7 9 3 17 18 20 5 6 2 16 1
7 14 13 17 4 1 8 11 15 2 18 19 12 6 3 10 5 16 20 9
2 20 15 10 12 18 9 17 8 3 16 1 5 11 19 7 6 4 13 14
17 7 3 5 2 12 15 9 20 11 4 18 8 19 13 16 1 10 14 6
14 1 8 3 13 9 5 10 17 2 12 4 7 11 19 6 15 20 16 18
17 4 15 7 16 9 10 12 8 2 3 19 5 11 14 6 1 18 20 13
9 5 14 2 12 13 6 11 17 7 3 18 16 20 1 8 10 15 19 4
19 5 11 8 4 17 7 15 13 10 2 12 16 20 18 14 3 6 9 1
17 4 2 9 13 19 3 20 14 1 6 18 16 8 11 5 10 15 12 7
11 12 6 4 16 1 17 13 14 18 15 9 20 7 8 2 3 5 19 10
4 14 15 5 3 2 17 6 12 18 1 20 8 13 10 19 9 7 16 11
17 20 13 18 12 11 8 6 9 10 14 15 19 7 5 16 3 2 1 4
3 2 18 6 20 5 19 12 1 8 13 7 9 16 17 4 14 15 10 11
15 20 13 9 7 4 16 10 14 19 3 12 1 18 11 5 8 17 2 6
16 7 2 13 4 17 19 8 20 1 12 6 3 18 9 10 5 14 11 15
12 6 5 20 4 15 2 16 18 10 19 13 14 17 11 7 8 1 3 9
15 19 7 5 1 3 20 6 2 16 8 13 17 10 4 14 9 11 18 12
11 3 14 15 1 4 13 19 17 10 18 2 9 12 8 5 20 16 7 6
16 19 13 5 20 7 4 1 12 14 10 15 2 17 9 3 8 18 6 11
17 14 16 3 18 1 20 7 6 4 9 13 2 5 11 12 8 10 19 15
3 7 16 15 1 19 20 13 17 5 18 6 4 14 8 2 12 10 11 9
11 8 7 9 6 14 19 12 20 1 18 15 13 10 5 3 4 17 16 2
7 12 5 16 10 8 17 18 3 6 14 2 9 15 11 19 13 20 4 1
19 10 5 4 15 17 6 11 1 3 14 16 7 18 20 12 2 13 8 9
17 6 14 11 19 12 4 5 10 20 16 7 18 3 13 9 15 2 8 1
17 19 6 10 5 18 3 9 14 8 12 15 11 2 20 13 1 16 7 4
6 17 9 16 19 1 5 8 4 2 15 18 20 11 12 13 3 10 14 7
16 19 13 5 20 7 4 1 12 14 10 15 2 17 9 3 8 18 6 11
17 14 16 3 18 1 20 7 6 4 9 13 2 5 11 12 8 10 19 15
3 7 16 15 1 19 20 13 17 5 18 6 4 14 8 2 12 10 11 9
11 8 7 9 6 14 19 12 20 1 18 15 13 10 5 3 4 17 16 2
7 14 13 17 4 1 8 11 15 2 18 19 12 6 3 10 5 16 20 9
2 20 15 10 12 18 9 17 8 3 16 1 5 11 19 7 6 4 13 14
17 7 3 5 2 12 15 9 20 11 4 18 8 19 13 16 1 10 14 6
17 20 13 18 12 11 8 6 9 10 14 15 19 7 5 16 3 2 1 4
5 19 17 16 18 6 3 10 4 14 1 20 11 15 7 9 13 2 12 8
11 6 4 13 18 2 14 12 9 15 7 5 3 19 16 8 10 20 17 1
3 2 18 6 20 5 19 12 1 8 13 7 9 16 17 4 14 15 10 11
15 20 13 9 7 4 16 10 14 19 3 12 1 18 11 5 8 17 2 6
3 2 18 6 20 5 19 12 1 8 13 7 9 16 17 4 14 15 10 11
15 20 13 9 7 4 16 10 14 19 3 12 1 18 11 5 8 17 2 6
16 7 2 13 4 17 19 8 20 1 12 6 3 18 9 10 5 14 11 15
12 6 5 20 4 15 2 16 18 10 19 13 14 17 11 7 8 1 3 9
15 19 7 5 1 3 20 6 2 16 8 13 17 10 4 14 9 11 18 12
19 10 5 4 15 17 6 11 1 3 14 16 7 18 20 12 2 13 8 9
17 6 14 11 19 12 4 5 10 20 16 7 18 3 13 9 15 2 8 1
17 19 6 10 5 18 3 9 14 8 12 15 11 2 20 13 1 16 7 4
3 7 16 15 1 19 20 13 17 5 18 6 4 14 8 2 12 10 11 9
11 8 7 9 6 14 19 12 20 1 18 15 13 10 5 3 4 17 16 2
7 14 13 17 4 1 8 11 15 2 18 19 12 6 3 10 5 16 20 9
2 20 15 10 12 18 9 17 8 3 16 1 5 11 19 7 6 4 13 14
11 12 6 4 16 1 17 13 14 18 15 9 20 7 8 2 3 5 19 10
4 14 15 5 3 2 17 6 12 18 1 20 8 13 10 19 9 7 16 11
17 20 13 18 12 11 8 6 9 10 14 15 19 7 5 16 3 2 1 4
5 19 17 16 18 6 3 10 4 14 1 20 11 15 7 9 13 2 12 8
11 8 7 9 6 14 19 12 20 1 18 15 13 10 5 3 4 17 16 2
7 12 5 16 10 8 17 18 3 6 14 2 9 15 11 19 13 20 4 1
15 19 7 5 1 3 20 6 2 16 8 13 17 10 4 14 9 11 18 12
11 3 14 15 1 4 13 19 17 10 18 2 9 12 8 5 20 16 7 6
16 19 13 5 20 7 4 1 12 14 10 15 2 17 9 3 8 18 6 11
17 14 16 3 18 1 20 7 6 4 9 13 2 5 11 12 8 10 19 15
3 7 16 15 1 19 20 13 17 5 18 6 4 14 8 2 12 10 11 9
19 10 5 4 15 17 6 11 1 3 14 16 7 18 20 12 2 13 8 9
17 6 14 11 19 12 4 5 10 20 16 7 18 3 13 9 15 2 8 1
17 19 6 10 5 18 3 9 14 8 12 15 11 2 20 13 1 16 7 4
3 7 16 15 1 19 20 13 17 5 18 6 4 14 8 2 12 10 11 9
15 20 13 9 7 4 16 10 14 19 3 12 1 18 11 5 8 17 2 6
16 7 2 13 4 17 19 8 20 1 12 6 3 18 9 10 5 14 11 15
12 6 5 20 4 15 2 16 18 10 19 13 14 17 11 7 8 1 3 9
3 7 16 15 1 19 20 13 17 5 18 6 4 14 8 2 12 10 11 9
16 7 2 13 4 17 19 8 20 1 12 6 3 18 9 10 5 14 11 15
12 6 5 20 4 15 2 16 18 10 19 13 14 17 11 7 8 1 3 9
17 4 2 9 13 19 3 20 14 1 6 18 16 8 11 5 10 15 12 7
11 12 6 4 16 1 17 13 14 18 15 9 20 7 8 2 3 5 19 10
4 14 15 5 3 2 17 6 12 18 1 20 8 13 10 19 9 7 16 11
17 20 13 18 12 11 8 6 9 10 14 15 19 7 5 16 3 2 1 4
5 19 17 16 18 6 3 10 4 14 1 20 11 15 7 9 13 2 12 8
11 6 4 13 18 2 14 12 9 15 7 5 3 19 16 8 10 20 17 1
16 6 12 17 2 1 20 13 10 7 5 11 4 18 8 14 19 3 15 9
14 8 11 13 4 15 10 12 19 7 9 3 17 18 20 5 6 2 16 1
9 4 18 8 6 19 14 13 2 1 17 12 5 11 16 7 3 10 15 20
2 7 3 18 17 10 14 1 4 13 15 20 6 19 8 16 9 12 5 11
3 17 10 14 4 1 9 11 5 6 16 7 18 15 20 8 2 12 13 19
12 5 18 7 19 1 17 9 16 20 6 15 2 11 10 13 4 14 3 8
1 17 13 2 7 14 20 16 3 18 19 6 9 10 4 12 15 11 5 8
11 17 15 10 13 3 14 7 9 8 2 1 6 18 16 19 5 12 4 20
10 2 7 4 14 15 8 19 9 20 17 1 5 11 16 18 6 3 13 12
19 9 15 6 13 14 16 12 4 18 3 7 8 5 17 10 11 20 2 1
7 2 19 13 3 5 8 12 11 1 17 6 14 18 10 4 9 20 16 15
9 1 5 8 6 7 2 3 4
5 6 7 4 8 2 1 9 3
5 3 4 7 9 6 2 1 8
4 8 7 3 6 1 2 9 5
5 4 1 3 2 6 7 9 8
4 8 1 2 9 3 7 5 6
7 1 6 3 2 5 8 4 9
1 6 3 2 4 9 5 8 7
6 1 3 9 7 5 2 4 8
10 7 11 15 6 13 19 16 12 1 4 9 17 14 2 5 18 8 20 3
17 3 9 13 1 7 8 2 11 15 10 6 19 16 5 4 20 12 14 18
11 14 15 19 4 6 20 7 9 17 3 10 16 2 5 1 18 12 13 8
2 17 1 3 20 16 13 12 11 18 7 19 5 4 9 6 14 15 10 8
5 12 20 15 19 11 10 6 7 8 1 4 18 17 2 9 16 3 14 13
7 11 14 5 15 17 1 2 13 18 16 6 4 10 3 12 8 19 9 20
6 16 11 12 20 5 2 8 10 9 13 3 15 4 14 7 1 19 18 17
8 6 4 19 14 7 16 10 13 1 5 9 20 3 2 11 18 12 15 17
3 8 14 11 18 4 1 10 6 15 2 20 16 9 5 12 13 19 7 17
17 7 10 2 14 5 12 6 1 13 19 3 8 16 9 20 11 4 18 15
14 5 20 13 12 6 4 19 1 11 8 7 10 17 9 15 2 3 16 18
16 10 9 6 15 20 7 5 17 3 19 2 4 12 14 1 13 8 18 11
7 6 14 15 2 12 16 20 8 5 13 18 11 17 4 19 1 10 3 9
17 14 16 3 18 1 20 7 6 4 9 13 2 5 11 12 8 10 19 15
3 7 16 15 1 19 20 13 17 5 18 6 4 14 8 2 12 10 11 9
19 10 5 4 15 17 6 11 1 3 14 16 7 18 20 12 2 13 8 9
17 6 14 11 19 12 4 5 10 20 16 7 18 3 13 9 15 2 8 1
13 3 4 2 1 14 20 9 19 12 6 5 15 16 7 10 17 18 8 11
9 18 2 11 16 3 4 12 13 20 5 10 19 1 17 7 8 6 15 14
14 16 18 11 12 17 10 5 6 2 9 20 4 13 19 8 3 15 1 7
6 16 11 12 20 5 2 8 10 9 13 3 15 4 14 7 1 19 18 17
8 6 4 19 14 7 16 10 13 1 5 9 20 3 2 11 18 12 15 17
3 8 14 11 18 4 1 10 6 15 2 20 16 9 5 12 13 19 7 17
17 7 10 2 14 5 12 6 1 13 19 3 8 16 9 20 11 4 18 15
3 14 2 19 10 12 6 18 13 20 11 9 5 1 16 15 4 7 8 17
8 15 17 19 9 5 3 16 18 4 11 13 20 7 10 1 12 14 2 6
5 7 20 14 16 18 4 10 8 6 15 1 9 3 17 12 11 2 19 13
5 19 18 14 6 13 1 20 2 4 8 3 12 9 16 11 10 7 17 15
5 10 6 18 17 12 7 20 19 2 13 16 9 14 15 1 8 11 4 3
10 19 20 15 1 11 16 4 6 3 8 9 2 14 7 17 12 18 5 13
5 19 18 14 6 13 1 20 2 4 8 3 12 9 16 11 10 7 17 15
16 10 9 6 15 20 7 5 17 3 19 2 4 12 14 1 13 8 18 11
7 6 14 15 2 12 16 20 8 5 13 18 11 17 4 19 1 10 3 9
17 14 16 3 18 1 20 7 6 4 9 13 2 5 11 12 8 10 19 15
7 10 15 1 9 13 6 2 19 4 18 3 14 8 11 16 12 17 20 5
6 15 7 19 10 14 17 5 12 1 18 9 2 11 4 20 13 16 3 8
10 12 18 8 4 9 7 5 14 3 16 6 15 11 13 19 2 1 17 20
12 15 11 3 16 7 20 10 1 18 2 5 17 14 19 6 8 9 13 4
10 9 11 6 4 19 2 7 20 14 8 17 16 13 1 15 12 5 3 18
6 1 14 3 10 7 2 18 4 15 13 8 17 19 16 11 20 12 9 5
4 12 13 2 7 18 16 11 1 17 20 10 15 3 9 5 14 8 6 19
11 19 14 3 2 9 18 17 12 8 13 15 1 7 5 4 16 20 10 6
8 15 17 19 9 5 3 16 18 4 11 13 20 7 10 1 12 14 2 6
5 7 20 14 16 18 4 10 8 6 15 1 9 3 17 12 11 2 19 13
5 19 18 14 6 13 1 20 2 4 8 3 12 9 16 11 10 7 17 15
5 10 6 18 17 12 7 20 19 2 13 16 9 14 15 1 8 11 4 3
10 12 18 8 4 9 7 5 14 3 16 6 15 11 13 19 2 1 17 20
12 15 11 3 16 7 20 10 1 18 2 5 17 14 19 6 8 9 13 4
10 9 11 6 4 19 2 7 20 14 8 17 16 13 1 15 12 5 3 18
6 1 14 3 10 7 2 18 4 15 13 8 17 19 16 11 20 12 9 5
4 12 13 2 7 18 16 11 1 17 20 10 15 3 9 5 14 8 6 19
7 10 15 1 9 13 6 2 19 4 18 3 14 8 11 16 12 17 20 5
6 15 7 19 10 14 17 5 12 1 18 9 2 11 4 20 13 16 3 8
10 12 18 8 4 9 7 5 14 3 16 6 15 11 13 19 2 1 17 20
12 13 10 9 16 17 3 2 1 8 11 18 7 6 4 20 15 19 5 14
14 18 6 7 16 3 17 13 8 2 4 12 11 19 10 15 9 1 20 5
18 20 8 13 4 1 6 7 17 3 14 10 5 9 11 16 19 12 15 2
7 19 13 14 3 9 11 1 20 4 2 18 8 15 6 12 5 16 17 10
4 19 16 5 15 13 14 1 2 9 20 17 10 11 7 3 6 8 12 18
13 16 5 8 11 3 9 12 14 19 1 2 10 18 17 15 6 20 4 7
18 20 8 13 4 1 6 7 17 3 14 10 5 9 11 16 19 12 15 2
7 19 13 14 3 9 11 1 20 4 2 18 8 15 6 12 5 16 17 10
4 19 16 5 15 13 14 1 2 9 20 17 10 11 7 3 6 8 12 18
13 16 5 8 11 3 9 12 14 19 1 2 10 18 17 15 6 20 4 7
11 17 10 7 12 5 6 19 1 16 8 13 3 4 2 20 15 14 9 18
4 10 9 3 14 6 15 13 18 5 11 8 19 2 7 12 17 1 20 16
3 10 7 16 20 5 18 1 19 4 14 6 15 17 8 2 13 12 11 9
10 16 2 5 20 17 18 4 8 9 12 13 15 11 6 14 19 1 7 3
6 3 12 10 8 14 15 11 13 16 4 7 5 17 2 18 19 1 9 20
4 12 7 5 15 8 17 9 20 16 14 11 18 3 10 1 13 6 2 19
14 12 6 18 11 13 9 3 19 5 16 8 1 10 20 17 2 4 15 7
10 20 2 7 1 19 5 8 14 4 9 13 11 12 17 6 15 3 18 16
18 12 9 6 20 15 13 8 7 16 3 11 4 17 1 5 19 10 2 14
14 2 5 18 12 10 15 7 19 11 1 8 13 6 16 4 9 3 17 20
1 14 4 3 11 20 8 13 16 5 12 2 17 10 19 18 9 7 6 15
1 12 15 10 8 19 18 6 7 14 13 16 5 9 3 17 2 20 11 4
8 4 12 14 13 11 15 5 3 17 16 6 2 20 9 18 10 1 19 7
16 19 1 5 2 11 20 15 18 8 14 10 7 17 12 4 9 3 13 6
9 11 10 4 14 12 20 19 17 7 13 18 2 3 5 15 16 6 1 8
6 12 3 7 5 1 16 2 17 15 4 14 10 13 9 20 18 8 11 19
10 20 2 7 1 19 5 8 14 4 9 13 11 12 17 6 15 3 18 16
18 12 9 6 20 15 13 8 7 16 3 11 4 17 1 5 19 10 2 14
4 12 7 5 15 8 17 9 20 16 14 11 18 3 10 1 13 6 2 19
14 12 6 18 11 13 9 3 19 5 16 8 1 10 20 17 2 4 15 7
16 11 19 6 2 4 14 12 7 13 15 5 17 3 18 9 8 20 1 10
11 9 14 17 18 15 16 5 1 13 12 7 19 4 2 20 10 8 6 3
8 4 12 14 13 11 15 5 3 17 16 6 2 20 9 18 10 1 19 7
16 19 1 5 2 11 20 15 18 8 14 10 7 17 12 4 9 3 13 6
9 11 10 4 14 12 20 19 17 7 13 18 2 3 5 15 16 6 1 8
17 2 18 10 20 4 12 3 11 7 16 9 19 6 13 8 14 1 15 5
14 6 8 11 5 18 15 16 1 9 3 20 13 10 17 2 7 4 12 19
10 17 4 16 7 19 15 9 13 1 11 12 20 3 14 6 5 8 2 18
7 3 14 17 10 19 16 8 13 5 6 20 11 18 9 15 4 12 1 2
13 3 8 2 19 15 4 10 12 6 17 20 5 16 1 9 7 18 11 14
9 11 10 4 14 12 20 19 17 7 13 18 2 3 5 15 16 6 1 8
17 2 18 10 20 4 12 3 11 7 16 9 19 6 13 8 14 1 15 5
14 6 8 11 5 18 15 16 1 9 3 20 13 10 17 2 7 4 12 19
16 11 19 6 2 4 14 12 7 13 15 5 17 3 18 9 8 20 1 10
11 9 14 17 18 15 16 5 1 13 12 7 19 4 2 20 10 8 6 3
6 4 16 11 18 8 10 13 15 3 5 17 7 19 12 2 20 14 1 9

9
Batman
Nightwing
Red Robin
Red Hood
Robin
Damian Wayne
Dick Grayson
Bruce Wayne
Jason Todd
1 2 3 4 5 6 7 8 9
3 5 4 6 1 2 7 8 9
3 1 2 4 6 5 7 8 9
6 5 1 2 3 4 7 8 9
9 8 7 5 4 6 1 3 2
2 1 5 4 6 7 8 9 3
3 6 9 8 5 2 1 4 7
3 6 9 8 5 2 1 4 7
1 5 9 8 4 7 3 2 6
3 1 2 6 4 5 7 8 9
3 1 2 4 6 5 7 9 8
3 5 4 8 7 9 6 1 2
3 1 5 4 6 2 7 9 8
3 2 1 6 5 4 8 7 9
9 4 6 5 8 7 1 2 3
2 5 8 7 4 1 3 6 9
3 6 9 8 5 2 1 4 7
2 5 8 7 4 1 3 6 9
9 6 3 2 5 8 7 4 1
5 4 6 7 8 9 1 3 2
5 4 6 7 1 2 3 9 8
8 7 9 4 6 5 1 3 2
8 7 9 4 6 1 3 2 5
5 4 6 7 8 9 1 2 3
3 4 5 6 1 2 9 8 7
7 8 4 6 9 5 3 2 1
3 2 1 6 5 4 9 8 7
2 5 8 7 4 1 3 6 9
1 4 7 8 5 2 3 6 9
3 6 9 8 5 2 1 4 7
4 5 6 9 8 7 1 2 3
5 6 9 8 7 4 1 2 3
6 9 8 7 4 5 1 2 3
9 8 7 4 5 6 1 2 3
8 7 4 5 6 1 2 3 9
7 8 9 4 5 6 1 2 3
5 4 6 8 7 9 4 5 6
6 5 1 7 8 9 4 2 3
5 4 6 7 1 2 3 9 8
8 7 9 4 6 5 1 3 2
8 7 9 4 6 1 3 2 5
5 4 6 7 8 9 1 2 3
3 4 5 6 1 2 9 8 7
7 8 4 6 9 5 3 2 1
3 2 1 6 5 4 9 8 7
2 5 8 7 4 1 3 6 9
1 4 7 8 5 2 3 6 9
