21

3
Worm Band
George Bush
Burt Macklin
2 1 3
3 1 2
1 3 2
3 1 2
1 3 2
3 2 1

5
And What
George Bush
Burt Macklin
Worm Band
Mort
5 1 4 2 3 
1 4 5 2 3 
1 5 4 3 2 
2 5 3 1 4 
4 1 3 2 5 
2 3 1 5 4 
5 1 4 2 3 
1 4 5 2 3 
4 1 3 2 5 
2 3 1 5 4 
1 2 5 3 4 
4 2 1 5 3 

5
Flanders
Bart
Some kind
Of Food
George Michael
5 1 4 2 3 
1 4 5 2 3 
4 1 3 2 5 
2 3 1 5 4 
1 2 5 3 4 
2 4 1 5 3 
5 1 4 2 3 
1 4 5 2 3 
1 5 4 3 2 
5 2 3 1 4 
4 1 3 2 5 
2 3 1 5 4 


5
Flanders
Bart
Homer 
Marge
George Michael
5 1 4 2 3 
1 4 5 2 3 
4 1 3 2 5 
2 3 1 5 4 
1 2 5 3 4 


5
Flanders
Bart
Mr. Burns
Maggie
George Michael
5 1 4 2 3 
1 4 5 2 3 
4 1 3 2 5 
2 3 1 5 4 
2 4 1 5 3 
5 1 4 2 3 
4 1 3 2 5 
2 3 1 5 4 
2 4 1 5 3 
5 1 4 2 3 
5 2 3 1 4 
4 1 3 2 5 
2 3 1 5 4 
2 4 1 5 3 
5 1 4 2 3 
4 1 3 2 5 
2 3 1 5 4 
2 4 1 5 3 
5 1 4 2 3 
4 1 3 2 5 
2 3 1 5 4 
2 4 1 5 3 
5 1 4 2 3 
5 2 3 1 4 
4 1 3 2 5 
2 3 1 5 4 
2 4 1 5 3 
5 1 4 2 3 
5 2 3 1 4 
4 1 3 2 5 
2 3 1 5 4 
5 1 4 2 3 
5 1 4 2 3 
4 1 3 2 5 
2 3 1 5 4 
1 2 5 3 4 
2 4 1 5 3 
5 1 4 2 3 
2 4 1 5 3 
2 4 1 5 3 
5 1 4 2 3 
5 2 3 1 4 
4 1 3 2 5 
2 3 1 5 4 
5 1 4 2 3 
5 1 4 2 3 
5 2 3 1 4 
1 5 4 3 2 
5 2 3 1 4 
4 1 3 2 5 
2 3 1 5 4 
5 1 4 2 3 
2 4 1 5 3 
2 4 1 5 3 
5 1 4 2 3 
5 2 3 1 4 
4 1 3 2 5 
2 3 1 5 4 
5 1 4 2 3 
5 1 4 2 3 
2 3 1 5 4 
5 1 4 2 3 
1 4 5 2 3 
4 1 3 2 5 
2 3 1 5 4 
1 2 5 3 4 
2 4 1 5 3 
5 1 4 2 3 
1 4 5 2 3 
1 5 4 3 2 
5 2 3 1 4 
4 1 3 2 5 
2 3 1 5 4 
5 1 4 2 3 
2 4 1 5 3 
2 4 1 5 3 
5 1 4 2 3 
5 2 3 1 4 
4 1 3 2 5 
2 3 1 5 4 
5 1 4 2 3 
5 1 4 2 3 
2 4 1 5 3 
2 4 1 5 3 
5 1 4 2 3 
5 2 3 1 4 
4 1 3 2 5 
2 3 1 5 4 
5 1 4 2 3 
5 1 4 2 3 
5 2 3 1 4 
4 1 3 2 5 
2 3 1 5 4 
5 1 4 2 3 
1 4 5 2 3 
4 1 3 2 5 
2 3 1 5 4 
1 2 5 3 4 
2 4 1 5 3 
2 4 1 5 3 
5 1 4 2 3 
5 2 3 1 4 
4 1 3 2 5 
2 3 1 5 4 
5 1 4 2 3 
5 1 4 2 3 
1 4 5 2 3 
1 5 4 3 2 
5 2 3 1 4 
4 1 3 2 5 
2 3 1 5 4 
5 2 3 1 4 
4 1 3 2 5 
2 3 1 5 4 
2 3 1 5 4 
5 1 4 2 3 
4 1 3 2 5 
2 3 1 5 4 
2 4 1 5 3 
5 1 4 2 3 
4 1 3 2 5 
2 3 1 5 4 
2 4 1 5 3 
5 1 4 2 3 
5 2 3 1 4 
4 1 3 2 5 
2 3 1 5 4 
2 4 1 5 3 
5 1 4 2 3 
4 1 3 2 5 
2 3 1 5 4 
2 4 1 5 3 
5 1 4 2 3 
4 1 3 2 5 
2 3 1 5 4 
2 4 1 5 3 
5 1 4 2 3 
5 2 3 1 4 
4 1 3 2 5 
2 3 1 5 4 
2 4 1 5 3 
5 1 4 2 3 



5
George Michael
Flanders
Bart
Mr. Burns
Maggie
5 1 4 2 3 
5 1 4 2 3 
1 4 5 2 3 
4 1 3 2 5 
2 3 1 5 4 
1 2 5 3 4 
2 4 1 5 3 
5 1 4 2 3 
1 4 5 2 3 
1 5 4 3 2 
5 2 3 1 4 
4 1 3 2 5 
2 3 1 5 4 
2 3 1 5 4 
5 1 4 2 3 
1 4 5 2 3 
4 1 3 2 5 
2 3 1 5 4 
1 2 5 3 4 
2 4 1 5 3 
5 1 4 2 3 
1 4 5 2 3 
1 5 4 3 2 
5 2 3 1 4 
4 1 3 2 5 
2 3 1 5 4 
1 4 5 2 3 
4 1 3 2 5 
2 3 1 5 4 
1 2 5 3 4 
2 4 1 5 3 
5 1 4 2 3 
1 4 5 2 3 
1 5 4 3 2 
5 2 3 1 4 
4 1 3 2 5 
2 3 1 5 4 
4 1 3 2 5 
2 3 1 5 4 
2 4 1 5 3 
5 1 4 2 3 
4 1 3 2 5 
2 3 1 5 4 
2 4 1 5 3 
5 1 4 2 3 
5 2 3 1 4 
4 1 3 2 5 
2 3 1 5 4 
2 4 1 5 3 
5 1 4 2 3 
5 2 3 1 4 
4 1 3 2 5 
2 3 1 5 4 
5 1 4 2 3 
5 1 4 2 3 
4 1 3 2 5 
2 3 1 5 4 
1 2 5 3 4 
2 4 1 5 3 
5 1 4 2 3 
2 4 1 5 3 
2 4 1 5 3 
5 1 4 2 3 
5 2 3 1 4 
4 1 3 2 5 
2 3 1 5 4 
5 1 4 2 3 
5 1 4 2 3 
5 2 3 1 4 
1 5 4 3 2 
5 2 3 1 4 
4 1 3 2 5 
2 3 1 5 4 
5 1 4 2 3 
2 4 1 5 3 
5 1 4 2 3 
1 4 5 2 3 
4 1 3 2 5 
2 3 1 5 4 
1 2 5 3 4 
2 4 1 5 3 
5 1 4 2 3 
1 4 5 2 3 
1 5 4 3 2 
5 2 3 1 4 
4 1 3 2 5 
2 3 1 5 4 
5 1 4 2 3 
2 3 1 5 4 
5 1 4 2 3 
5 2 3 1 4 
4 1 3 2 5 
2 3 1 5 4 
5 1 4 2 3 
5 1 4 2 3 
5 2 3 1 4 
4 1 3 2 5 
2 3 1 5 4 
5 1 4 2 3 
1 4 5 2 3 
4 1 3 2 5 
2 3 1 5 4 
1 2 5 3 4 
2 4 1 5 3 
2 4 1 5 3 
5 1 4 2 3 
5 2 3 1 4 
4 1 3 2 5 
2 3 1 5 4 
5 1 4 2 3 
5 1 4 2 3 
1 4 5 2 3 
1 5 4 3 2 
5 2 3 1 4 
4 1 3 2 5 
2 3 1 5 4 
5 2 3 1 4 
4 1 3 2 5 
2 3 1 5 4 
2 3 1 5 4 
5 1 4 2 3 
4 1 3 2 5 
2 3 1 5 4 
2 4 1 5 3 
5 1 4 2 3 
4 1 3 2 5 
2 3 1 5 4 
2 4 1 5 3 
5 1 4 2 3 
5 1 4 2 3 
1 4 5 2 3 
4 1 3 2 5 
2 3 1 5 4 
1 2 5 3 4 
2 4 1 5 3 
5 1 4 2 3 
1 4 5 2 3 
1 5 4 3 2 
5 2 3 1 4 
4 1 3 2 5 
2 3 1 5 4 
5 1 4 2 3 
1 4 5 2 3 
4 1 3 2 5 
2 3 1 5 4 
1 2 5 3 4 
2 4 1 5 3 
5 1 4 2 3 
1 4 5 2 3 
1 5 4 3 2 
5 2 3 1 4 
4 1 3 2 5 
2 3 1 5 4 

6
George Michael
Flanders
Bart
Mr. Burns
Maggie
Lisa
1 2 5 3 4 6 
1 2 5 3 4 6 
1 2 5 3 4 6 
1 2 5 3 4 6 
1 2 5 3 4 6 
1 2 5 3 4 6 
1 2 5 3 4 6 
1 2 5 3 4 6 
2 1 3 5 4 6 
2 1 3 5 4 6 
2 1 3 5 4 6 
2 1 3 5 4 6 
2 1 3 5 4 6 
2 1 3 5 4 6 
2 1 3 5 4 6 
2 1 3 5 4 6 

6
George Michael
Flanders
Bart
Mr. Burns
Maggie
Lisa
1 2 5 3 4 6 
1 2 5 3 4 6 
1 2 5 3 4 6 
1 2 5 3 4 6 
1 2 5 3 4 6 
1 2 5 3 4 6 
1 2 5 3 4 6 
1 2 5 3 4 6 
2 1 3 5 4 6 
2 1 3 5 4 6 
2 1 3 5 4 6 
2 1 3 5 4 6 
2 1 3 5 4 6 
2 1 3 5 4 6 
2 1 3 5 4 6 
2 1 3 5 4 6 
3 5 4 6 1 2

6
George Michael
Flanders
Bart
Mr. Burns
Maggie
Lisa
1 2 5 3 4 6 
1 2 5 3 4 6 
1 2 5 3 4 6 
1 2 5 3 4 6 
1 2 5 3 4 6 
1 2 5 3 4 6 
1 2 5 3 4 6 
1 2 5 3 4 6 
2 1 3 5 4 6 
2 1 3 5 4 6 
2 1 3 5 4 6 
2 1 3 5 4 6 
2 1 3 5 4 6 
2 1 3 5 4 6 
2 1 3 5 4 6 
2 1 3 5 4 6 
3 5 4 6 2 1

6
George Michael
Flanders
Bart
Mr. Burns
Maggie
Lisa
1 2 5 3 4 6 
1 2 5 3 4 6 
1 2 5 3 4 6 
1 2 5 3 4 6 
1 2 5 3 4 6 
1 2 5 3 4 6 
1 2 5 3 4 6 
1 2 5 3 4 6 
2 1 3 5 4 6 
2 1 3 5 4 6 
2 1 3 5 4 6 
2 1 3 5 4 6 
2 1 3 5 4 6 
2 1 3 5 4 6
2 1 3 5 4 6 
2 1 3 5 4 6 
2 1 3 5 4 6 
3 5 4 6 2 1
3 5 4 6 2 1
3 5 4 6 2 1
3 5 4 6 2 1
3 5 4 6 2 1
3 5 4 6 2 1
3 5 4 6 2 1
3 5 4 6 2 1

6
George Michael
Flanders
Bart
Mr. Burns
Maggie
Lisa
1 2 5 3 4 6 
1 2 5 3 4 6 
1 2 5 3 4 6 
1 2 5 3 4 6 
1 2 5 3 4 6 
1 2 5 3 4 6 
1 2 5 3 4 6 
1 2 5 3 4 6 
2 1 3 5 4 6 
2 1 3 5 4 6 
2 1 3 5 4 6 
2 1 3 5 4 6 
2 1 3 5 4 6 
2 1 3 5 4 6 
2 1 3 5 4 6 
2 1 3 5 4 6 
3 5 4 6 2 1
3 5 4 6 2 1
3 5 4 6 2 1
3 5 4 6 2 1
3 5 4 6 2 1
3 5 4 6 2 1
3 5 4 6 2 1
3 5 4 6 2 1


7
George Michael
Flanders
Bart
Mr. Burns
Maggie
Lisa
Barnie
6 7 3 5 4 1 2
7 3 5 4 1 2 6 
5 4 1 2 6 7 3
7 3 5 4 1 2 6 
6 7 3 5 4 1 2
7 3 5 4 1 2 6 
5 4 1 2 6 7 3
6 7 3 5 4 1 2
5 4 1 2 6 7 3
7 3 5 4 1 2 6 
4 1 2 6 7 3 5
6 7 3 1 2 5 4
1 2 6 7 3 5 4
4 1 2 6 7 3 5
1 2 6 7 3 5 4
6 7 3 1 2 5 4
4 1 2 6 7 3 5
6 7 3 1 2 5 4
1 2 6 7 3 5 4
4 1 2 6 7 3 5
1 2 6 7 3 5 4
6 7 3 1 2 5 4
6 7 3 1 2 5 4

7
George Michael
Flanders
Bart
Mr. Burns
Maggie
Lisa
Barnie
6 7 3 5 4 1 2
4 5 1 2 6 7 3
7 3 5 4 1 2 6 
5 4 1 2 6 7 3
7 3 5 4 1 2 6 
6 7 3 5 4 1 2
7 3 5 4 1 2 6 
5 4 1 2 6 7 3
7 3 5 4 1 2 6 
7 3 5 4 1 2 6 
7 3 5 4 1 2 6 
4 1 2 6 7 3 5
4 1 2 6 7 3 5
6 7 3 1 2 5 4
1 2 6 7 3 5 4
4 7 3 5 1 2 6
1 2 6 7 3 5 4
6 7 3 1 2 5 4
6 7 3 1 2 5 4
4 1 2 6 7 3 5
4 1 2 6 7 3 5
4 5 1 2 6 7 3
1 2 6 7 3 5 4
6 7 3 1 2 5 4
4 1 2 6 7 3 5
6 7 3 1 2 5 4
1 2 6 7 3 5 4
4 7 3 5 1 2 6
1 2 6 7 3 5 4
7 3 5 4 1 2 6 
6 7 3 5 4 1 2
7 3 5 4 1 2 6 
5 4 1 2 6 7 3
7 3 5 4 1 2 6 
7 3 5 4 1 2 6 
7 3 5 4 1 2 6 
4 1 2 6 7 3 5
4 1 2 6 7 3 5
6 7 3 5 4 1 2
4 5 1 2 6 7 3
7 3 5 4 1 2 6 
5 4 1 2 6 7 3
7 3 5 4 1 2 6 
6 7 3 5 4 1 2
7 3 5 4 1 2 6 
5 4 1 2 6 7 3
6 7 3 5 4 1 2
5 4 1 2 6 7 3
7 3 5 4 1 2 6 
4 1 2 6 7 3 5
6 7 3 1 2 5 4
1 2 6 7 3 5 4
4 7 3 5 1 2 6
1 2 6 7 3 5 4
6 7 3 1 2 5 4
6 7 3 1 2 5 4
4 1 2 6 7 3 5
4 1 2 6 7 3 5
6 7 3 1 2 5 4
1 2 6 7 3 5 4
4 7 3 5 1 2 6
1 2 6 7 3 5 4
6 7 3 1 2 5 4
6 7 3 1 2 5 4
4 1 2 6 7 3 5
6 7 3 1 2 5 4
6 7 3 1 2 5 4
4 1 2 6 7 3 5
6 7 3 1 2 5 4
1 2 6 7 3 5 4
4 1 2 6 7 3 5
1 2 6 7 3 5 4
6 7 3 1 2 5 4
4 1 2 6 7 3 5
6 7 3 1 2 5 4
1 2 6 7 3 5 4
4 1 2 6 7 3 5
4 1 2 6 7 3 5
6 7 3 1 2 5 4
1 2 6 7 3 5 4
4 7 3 5 1 2 6
1 2 6 7 3 5 4
6 7 3 1 2 5 4
6 7 3 1 2 5 4
4 7 3 5 1 2 6
4 7 3 5 1 2 6
6 7 3 1 2 5 4
1 2 6 7 3 5 4
4 1 2 6 7 3 5
4 1 2 6 7 3 5
6 7 3 1 2 5 4
6 7 3 1 2 5 4
6 7 3 1 2 5 4
1 2 6 7 3 5 4
4 7 3 5 1 2 6
1 2 6 7 3 5 4
6 7 3 1 2 5 4
6 7 3 1 2 5 4
4 1 2 6 7 3 5
1 2 6 7 3 5 4
4 5 1 2 6 7 3
1 2 6 7 3 5 4

7
George Michael
Flanders
Bart
Mr. Burns
Maggie
Lisa
Barnie
6 7 3 5 4 1 2
4 5 1 2 6 7 3
7 3 5 4 1 2 6 
5 4 1 2 6 7 3
7 3 5 4 1 2 6 
6 7 3 5 4 1 2
7 3 5 4 1 2 6 
5 4 1 2 6 7 3
6 7 3 5 4 1 2
5 4 1 2 6 7 3
7 3 5 4 1 2 6 
4 1 2 6 7 3 5
4 1 2 6 7 3 5
6 7 3 1 2 5 4
1 2 6 7 3 5 4
4 7 3 5 1 2 6
1 2 6 7 3 5 4
6 7 3 1 2 5 4
6 7 3 1 2 5 4
4 1 2 6 7 3 5
4 1 2 6 7 3 5
4 5 1 2 6 7 3
1 2 6 7 3 5 4
6 7 3 1 2 5 4
4 1 2 6 7 3 5
6 7 3 1 2 5 4
1 2 6 7 3 5 4
4 7 3 5 1 2 6
1 2 6 7 3 5 4
6 7 3 1 2 5 4
6 7 3 1 2 5 4
4 1 2 6 7 3 5
6 7 3 5 4 1 2
4 5 1 2 6 7 3
7 3 5 4 1 2 6 
5 4 1 2 6 7 3
7 3 5 4 1 2 6 
6 7 3 5 4 1 2
7 3 5 4 1 2 6 
5 4 1 2 6 7 3
6 7 3 5 4 1 2
5 4 1 2 6 7 3
7 3 5 4 1 2 6 
4 1 2 6 7 3 5
6 7 3 1 2 5 4
1 2 6 7 3 5 4
4 7 3 5 1 2 6
1 2 6 7 3 5 4
6 7 3 1 2 5 4
6 7 3 1 2 5 4
4 1 2 6 7 3 5
4 1 2 6 7 3 5
6 7 3 1 2 5 4
1 2 6 7 3 5 4
4 7 3 5 1 2 6
1 2 6 7 3 5 4
6 7 3 1 2 5 4
6 7 3 1 2 5 4
4 1 2 6 7 3 5
6 7 3 1 2 5 4
6 7 3 1 2 5 4
4 1 2 6 7 3 5
6 7 3 1 2 5 4
1 2 6 7 3 5 4
4 1 2 6 7 3 5
1 2 6 7 3 5 4
6 7 3 1 2 5 4
4 1 2 6 7 3 5
6 7 3 1 2 5 4
1 2 6 7 3 5 4
4 1 2 6 7 3 5
4 1 2 6 7 3 5
6 7 3 1 2 5 4
1 2 6 7 3 5 4
4 7 3 5 1 2 6
1 2 6 7 3 5 4
6 7 3 1 2 5 4
6 7 3 1 2 5 4
4 1 2 6 7 3 5
4 5 1 2 6 7 3
4 1 2 6 7 3 5
4 7 3 5 1 2 6
4 7 3 5 1 2 6
4 1 2 6 7 3 5
4 7 3 5 1 2 6
4 7 3 5 1 2 6
6 7 3 1 2 5 4
1 2 6 7 3 5 4
4 1 2 6 7 3 5
4 1 2 6 7 3 5
4 7 3 5 1 2 6
4 7 3 5 1 2 6
4 1 2 6 7 3 5
4 1 2 6 7 3 5
4 7 3 5 1 2 6
4 7 3 5 1 2 6
4 1 2 6 7 3 5
4 1 2 6 7 3 5
6 7 3 1 2 5 4
1 2 6 7 3 5 4
4 7 3 5 1 2 6
1 2 6 7 3 5 4
6 7 3 1 2 5 4
6 7 3 1 2 5 4
4 1 2 6 7 3 5
1 2 6 7 3 5 4
4 5 1 2 6 7 3
1 2 6 7 3 5 4
4 1 2 6 7 3 5
4 7 3 5 1 2 6
4 7 3 5 1 2 6

7
George Michael
Flanders
Bart
Mr. Burns
Maggie
Lisa
Barnie
6 7 3 5 4 1 2
4 5 1 2 6 7 3
7 3 5 4 1 2 6 
7 3 5 4 1 2 6 
7 3 5 4 1 2 6 
7 3 5 4 1 2 6 
6 7 3 1 2 5 4
1 2 6 7 3 5 4
4 7 3 5 1 2 6
1 2 6 7 3 5 4
7 3 5 4 1 2 6 
7 3 5 4 1 2 6 
7 3 5 4 1 2 6 
7 3 5 4 1 2 6 
5 4 1 2 6 7 3
7 3 5 4 1 2 6 
6 7 3 5 4 1 2
7 3 5 4 1 2 6 
5 4 1 2 6 7 3
6 7 3 5 4 1 2
5 4 1 2 6 7 3
6 7 3 1 2 5 4
7 3 5 4 1 2 6 
7 3 5 4 1 2 6 
7 3 5 4 1 2 6 
7 3 5 4 1 2 6 
6 7 3 1 2 5 4
6 7 3 1 2 5 4
7 3 5 4 1 2 6 
7 3 5 4 1 2 6 
7 3 5 4 1 2 6 
7 3 5 4 1 2 6 
6 7 3 1 2 5 4
4 1 2 6 7 3 5
4 1 2 6 7 3 5
6 7 3 1 2 5 4
1 2 6 7 3 5 4
7 3 5 4 1 2 6 
6 7 3 1 2 5 4
6 7 3 1 2 5 4
7 3 5 4 1 2 6 
7 3 5 4 1 2 6 
6 7 3 1 2 5 4
4 1 2 6 7 3 5
6 7 3 1 2 5 4
7 3 5 4 1 2 6 
7 3 5 4 1 2 6 
6 7 3 1 2 5 4
6 7 3 1 2 5 4
7 3 5 4 1 2 6 
7 3 5 4 1 2 6 
7 3 5 4 1 2 6 
7 3 5 4 1 2 6 
7 3 5 4 1 2 6 
6 7 3 1 2 5 4
6 7 3 1 2 5 4

8
Iron Man
Hulk
Black Widow
Arrow
Cap
Ant Man
Spider Man
Black Panther
3 2 7 5 6 1 4 8 
3 2 7 5 6 1 4 8 
3 2 7 5 6 1 4 8 
8 2 7 5 6 1 4 3
8 2 7 5 6 1 4 3
3 2 7 5 6 1 4 8 
8 2 7 5 6 1 4 3


8
Iron Man
Hulk
Black Widow
Arrow
Cap
Ant Man
Spider Man
Black Panther
3 2 7 5 6 1 4 8 
3 2 7 5 6 1 4 8 
3 2 7 5 6 1 4 8 
8 2 7 5 6 1 4 3
8 2 7 5 6 1 4 3
3 2 7 5 6 1 4 8 
8 2 7 5 6 1 4 3
8 2 7 5 6 1 4 3

8
Iron Man
Hulk
Black Widow
Arrow
Cap
Ant Man
Spider Man
Black Panther
3 2 7 5 6 1 4 8 
3 2 7 5 6 1 4 8 
3 2 7 5 6 1 4 8 
8 2 7 5 6 1 4 3
8 2 7 5 6 1 4 3
3 2 7 5 6 1 4 8 
8 2 7 5 6 1 4 3
6 1 4 3 8 2 7 5 
6 1 4 3 8 2 7 5 
6 1 4 3 8 2 7 5 
6 1 4 3 8 2 7 5 
6 1 4 3 8 2 7 5 
6 1 4 3 8 2 7 5 
6 1 4 3 8 2 7 5 

8
Iron Man
Hulk
Black Widow
Arrow
Cap
Ant Man
Spider Man
Black Panther
3 2 7 5 6 1 4 8 
3 2 7 5 6 1 4 8 
5 6 1 4 3 8 2 7 
5 6 1 4 3 8 2 7 
3 2 7 5 6 1 4 8 
5 6 1 4 3 8 2 7 
8 2 7 5 6 1 4 3
5 6 1 4 3 8 2 7 
8 2 7 5 6 1 4 3
3 2 7 5 6 1 4 8 
5 6 1 4 3 8 2 7 
8 2 7 5 6 1 4 3
6 1 4 3 8 2 7 5 
6 1 4 3 8 2 7 5 
5 6 1 4 3 8 2 7 
6 1 4 3 8 2 7 5 
6 1 4 3 8 2 7 5 
6 1 4 3 8 2 7 5 
5 6 1 4 3 8 2 7 
6 1 4 3 8 2 7 5 
6 1 4 3 8 2 7 5 
5 6 1 4 3 8 2 7 
8 2 7 5 6 1 4 3
6 1 4 3 8 2 7 5 
6 1 4 3 8 2 7 5 
6 1 4 3 8 2 7 5 
6 1 4 3 8 2 7 5 
5 6 1 4 3 8 2 7 
5 6 1 4 3 8 2 7 
3 2 7 5 6 1 4 8 
3 2 7 5 6 1 4 8 
5 6 1 4 3 8 2 7 
5 6 1 4 3 8 2 7 
3 2 7 5 6 1 4 8 
5 6 1 4 3 8 2 7 
8 2 7 5 6 1 4 3
5 6 1 4 3 8 2 7 
5 6 1 4 3 8 2 7 
5 6 1 4 3 8 2 7 
8 2 7 5 6 1 4 3
5 6 1 4 3 8 2 7 
5 6 1 4 3 8 2 7 
3 2 7 5 6 1 4 8 
5 6 1 4 3 8 2 7 
8 2 7 5 6 1 4 3
6 1 4 3 8 2 7 5 
6 1 4 3 8 2 7 5 
5 6 1 4 3 8 2 7 
6 1 4 3 8 2 7 5 
6 1 4 3 8 2 7 5 
6 1 4 3 8 2 7 5 
5 6 1 4 3 8 2 7 
6 1 4 3 8 2 7 5 
6 1 4 3 8 2 7 5 
5 6 1 4 3 8 2 7 
8 2 7 5 6 1 4 3
6 1 4 3 8 2 7 5 
5 6 1 4 3 8 2 7 
5 6 1 4 3 8 2 7 
6 1 4 3 8 2 7 5 
6 1 4 3 8 2 7 5 
6 1 4 3 8 2 7 5 
5 6 1 4 3 8 2 7 
5 6 1 4 3 8 2 7
3 2 7 5 6 1 4 8 
3 2 7 5 6 1 4 8 
5 6 1 4 3 8 2 7 
5 6 1 4 3 8 2 7 
3 2 7 5 6 1 4 8 
5 6 1 4 3 8 2 7 
8 2 7 5 6 1 4 3
5 6 1 4 3 8 2 7 
8 2 7 5 6 1 4 3
3 2 7 5 6 1 4 8 
5 6 1 4 3 8 2 7 
8 2 7 5 6 1 4 3
6 1 4 3 8 2 7 5 
6 1 4 3 8 2 7 5 
5 6 1 4 3 8 2 7 
6 1 4 3 8 2 7 5 
6 1 4 3 8 2 7 5 
6 1 4 3 8 2 7 5 
5 6 1 4 3 8 2 7 
6 1 4 3 8 2 7 5 
6 1 4 3 8 2 7 5 
5 6 1 4 3 8 2 7 
8 2 7 5 6 1 4 3
6 1 4 3 8 2 7 5 
6 1 4 3 8 2 7 5 
6 1 4 3 8 2 7 5 
6 1 4 3 8 2 7 5 
5 6 1 4 3 8 2 7 
5 6 1 4 3 8 2 7 


8
Iron Man
Hulk
Black Widow
Arrow
Cap
Ant Man
Spider Man
Black Panther
3 2 7 5 6 1 4 8 
3 2 7 5 6 1 4 8 
6 1 4 3 8 2 7 5 
6 1 4 3 8 2 7 5 
6 1 4 3 8 2 7 5 
6 1 4 3 8 2 7 5 

5
Flanders
Bart
Homer 
Marge
George Michael
5 1 4 2 3 
1 4 5 2 3 
4 1 3 2 5 
1 4 5 2 3 