6

4
Moon
Venus
Mars
Nalt
1 3 2 4
1 4 3 2
2 3 1 4
2 4 3 1
3 1 2 4
4 2 3 1

1
Guillermo Del Toro
1

4
Josuke
Jonathan
Joseph
Jotaro
1 2 3 4
2 3 1 4
3 2 1 4
4 2 1 3

6
Mario
Peach
Luigi
Toad
Yoshi
Daisy
3 4 6 1 2 5
4 1 3 2 5 6 
4 2 6 1 5 3 
5 3 4 1 2 6
5 1 4 3 2 6 
1 5 4 3 2 6 
2 1 4 5 6 3 
6 3 4 2 1 5
6 1 4 2 5 3 

4
Allah
Yahweh
Cthulhu
Vishnu
3 1 4 2
3 4 1 2
3 1 4 2
2 4 3 1
1 4 2 1

15
Jonathan
Joseph
Jotaro
Josuke
Zeppeli
SpeedWagon
Dio
Mario
Luigi
Peach
Daisy
Toad
Yoshi
Wario
Waluigi
6 1 7 11 12 15 3 2 9 13 4 5 14 8 10
9 12 7 8 1 14 15 13 5 3 11 2 6 10 4
1 3 14 4 2 8 6 11 10 15 13 12 9 7 5
2 12 1 3 7 8 11 15 10 14 9 6 5 13 4
3 8 15 9 2 4 5 12 1 6 10 7 13 14 11
5 8 12 6 15 2 11 1 13 3 14 4 9 10 7
2 13 15 9 6 11 3 12 10 8 5 7 4 14 1
4 3 13 7 6 2 11 14 5 9 15 12 1 10 8
13 7 12 4 14 8 6 15 3 5 2 1 10 11 9
1 6 3 13 5 9 10 7 14 15 4 2 12 8 11
4 5 2 6 11 1 9 14 3 8 15 13 12 10 7
15 9 13 11 12 2 14 6 5 8 10 3 1 4 7
4 13 3 15 9 2 14 7 10 6 12 8 11 1 5
13 10 3 5 4 6 2 7 12 15 1 14 9 11 8
11 3 15 6 1 5 8 12 4 10 2 9 7 13 14
8 11 7 9 6 4 14 5 1 3 12 13 10 2 15
8 2 6 9 1 5 12 7 11 15 10 4 3 14 13
1 4 12 9 8 13 10 14 15 6 11 2 5 3 7
1 13 12 10 11 2 6 3 15 5 8 9 14 7 4
14 12 2 11 3 13 10 7 8 5 9 4 1 6 15
7 6 5 8 10 14 15 9 1 12 11 13 2 3 4
4 13 8 14 5 2 6 1 10 7 12 11 3 9 15
11 5 1 4 14 10 2 3 13 6 15 8 7 9 12
7 1 14 8 4 2 9 3 5 10 6 13 15 11 12
9 8 6 14 1 13 3 11 15 7 12 10 5 4 2
3 10 15 8 9 1 7 12 11 6 5 4 14 2 13
9 15 6 2 7 12 3 8 10 1 13 14 5 4 11
13 9 4 8 2 3 11 10 7 5 14 1 15 6 12
13 9 5 3 10 2 14 11 4 8 6 15 1 12 7
4 2 12 10 6 13 1 3 11 8 5 15 14 9 7
7 3 6 2 9 10 14 13 15 5 12 11 1 4 8
2 10 1 4 6 8 13 15 9 12 14 11 5 3 7
8 7 12 15 6 13 4 3 14 9 11 2 1 10 5
13 1 3 7 6 14 5 2 15 11 4 12 8 9 10
1 6 4 9 12 3 11 5 15 2 10 8 7 14 13
10 9 3 4 13 6 14 1 8 15 12 5 2 7 11
10 11 8 3 1 15 4 6 7 2 9 12 14 13 5
11 1 2 15 6 14 8 9 4 13 7 12 3 5 10
13 14 8 3 15 12 6 2 11 4 9 5 10 1 7
6 2 14 12 10 13 1 8 7 4 9 3 15 11 5
6 1 7 11 12 15 3 2 9 13 4 5 14 8 10
9 12 7 8 1 14 15 13 5 3 11 2 6 10 4
1 3 14 4 2 8 6 11 10 15 13 12 9 7 5
2 12 1 3 7 8 11 15 10 14 9 6 5 13 4
3 8 15 9 2 4 5 12 1 6 10 7 13 14 11
5 8 12 6 15 2 11 1 13 3 14 4 9 10 7
2 13 15 9 6 11 3 12 10 8 5 7 4 14 1
4 3 13 7 6 2 11 14 5 9 15 12 1 10 8
13 7 12 4 14 8 6 15 3 5 2 1 10 11 9
1 6 3 13 5 9 10 7 14 15 4 2 12 8 11
4 5 2 6 11 1 9 14 3 8 15 13 12 10 7
15 9 13 11 12 2 14 6 5 8 10 3 1 4 7
4 13 3 15 9 2 14 7 10 6 12 8 11 1 5
13 10 3 5 4 6 2 7 12 15 1 14 9 11 8
11 3 15 6 1 5 8 12 4 10 2 9 7 13 14
8 11 7 9 6 4 14 5 1 3 12 13 10 2 15
8 2 6 9 1 5 12 7 11 15 10 4 3 14 13
1 4 12 9 8 13 10 14 15 6 11 2 5 3 7
1 13 12 10 11 2 6 3 15 5 8 9 14 7 4
14 12 2 11 3 13 10 7 8 5 9 4 1 6 15
7 6 5 8 10 14 15 9 1 12 11 13 2 3 4
4 13 8 14 5 2 6 1 10 7 12 11 3 9 15
11 5 1 4 14 10 2 3 13 6 15 8 7 9 12
7 1 14 8 4 2 9 3 5 10 6 13 15 11 12
9 8 6 14 1 13 3 11 15 7 12 10 5 4 2
3 10 15 8 9 1 7 12 11 6 5 4 14 2 13
9 15 6 2 7 12 3 8 10 1 13 14 5 4 11
13 9 4 8 2 3 11 10 7 5 14 1 15 6 12
13 9 5 3 10 2 14 11 4 8 6 15 1 12 7
4 2 12 10 6 13 1 3 11 8 5 15 14 9 7
7 3 6 2 9 10 14 13 15 5 12 11 1 4 8
2 10 1 4 6 8 13 15 9 12 14 11 5 3 7
8 7 12 15 6 13 4 3 14 9 11 2 1 10 5
13 1 3 7 6 14 5 2 15 11 4 12 8 9 10
1 6 4 9 12 3 11 5 15 2 10 8 7 14 13
10 9 3 4 13 6 14 1 8 15 12 5 2 7 11
10 11 8 3 1 15 4 6 7 2 9 12 14 13 5
11 1 2 15 6 14 8 9 4 13 7 12 3 5 10
13 14 8 3 15 12 6 2 11 4 9 5 10 1 7
6 2 14 12 10 13 1 8 7 4 9 3 15 11 5
6 1 7 11 12 15 3 2 9 13 4 5 14 8 10
9 12 7 8 1 14 15 13 5 3 11 2 6 10 4
1 3 14 4 2 8 6 11 10 15 13 12 9 7 5
2 12 1 3 7 8 11 15 10 14 9 6 5 13 4
3 8 15 9 2 4 5 12 1 6 10 7 13 14 11
5 8 12 6 15 2 11 1 13 3 14 4 9 10 7
2 13 15 9 6 11 3 12 10 8 5 7 4 14 1
4 3 13 7 6 2 11 14 5 9 15 12 1 10 8
13 7 12 4 14 8 6 15 3 5 2 1 10 11 9
1 6 3 13 5 9 10 7 14 15 4 2 12 8 11
4 5 2 6 11 1 9 14 3 8 15 13 12 10 7
15 9 13 11 12 2 14 6 5 8 10 3 1 4 7
4 13 3 15 9 2 14 7 10 6 12 8 11 1 5
13 10 3 5 4 6 2 7 12 15 1 14 9 11 8
11 3 15 6 1 5 8 12 4 10 2 9 7 13 14
8 11 7 9 6 4 14 5 1 3 12 13 10 2 15
8 2 6 9 1 5 12 7 11 15 10 4 3 14 13
1 4 12 9 8 13 10 14 15 6 11 2 5 3 7
1 13 12 10 11 2 6 3 15 5 8 9 14 7 4
14 12 2 11 3 13 10 7 8 5 9 4 1 6 15
7 6 5 8 10 14 15 9 1 12 11 13 2 3 4
4 13 8 14 5 2 6 1 10 7 12 11 3 9 15
11 5 1 4 14 10 2 3 13 6 15 8 7 9 12
7 1 14 8 4 2 9 3 5 10 6 13 15 11 12
9 8 6 14 1 13 3 11 15 7 12 10 5 4 2
3 10 15 8 9 1 7 12 11 6 5 4 14 2 13
9 15 6 2 7 12 3 8 10 1 13 14 5 4 11
13 9 4 8 2 3 11 10 7 5 14 1 15 6 12
13 9 5 3 10 2 14 11 4 8 6 15 1 12 7
4 2 12 10 6 13 1 3 11 8 5 15 14 9 7
7 3 6 2 9 10 14 13 15 5 12 11 1 4 8
2 10 1 4 6 8 13 15 9 12 14 11 5 3 7
8 7 12 15 6 13 4 3 14 9 11 2 1 10 5
13 1 3 7 6 14 5 2 15 11 4 12 8 9 10
1 6 4 9 12 3 11 5 15 2 10 8 7 14 13
10 9 3 4 13 6 14 1 8 15 12 5 2 7 11
10 11 8 3 1 15 4 6 7 2 9 12 14 13 5
11 1 2 15 6 14 8 9 4 13 7 12 3 5 10
13 14 8 3 15 12 6 2 11 4 9 5 10 1 7
6 2 14 12 10 13 1 8 7 4 9 3 15 11 5
6 1 7 11 12 15 3 2 9 13 4 5 14 8 10
9 12 7 8 1 14 15 13 5 3 11 2 6 10 4
1 3 14 4 2 8 6 11 10 15 13 12 9 7 5
2 12 1 3 7 8 11 15 10 14 9 6 5 13 4
3 8 15 9 2 4 5 12 1 6 10 7 13 14 11
5 8 12 6 15 2 11 1 13 3 14 4 9 10 7
2 13 15 9 6 11 3 12 10 8 5 7 4 14 1
4 3 13 7 6 2 11 14 5 9 15 12 1 10 8
13 7 12 4 14 8 6 15 3 5 2 1 10 11 9
1 6 3 13 5 9 10 7 14 15 4 2 12 8 11
4 5 2 6 11 1 9 14 3 8 15 13 12 10 7
15 9 13 11 12 2 14 6 5 8 10 3 1 4 7
4 13 3 15 9 2 14 7 10 6 12 8 11 1 5
13 10 3 5 4 6 2 7 12 15 1 14 9 11 8
11 3 15 6 1 5 8 12 4 10 2 9 7 13 14
8 11 7 9 6 4 14 5 1 3 12 13 10 2 15
8 2 6 9 1 5 12 7 11 15 10 4 3 14 13
1 4 12 9 8 13 10 14 15 6 11 2 5 3 7
1 13 12 10 11 2 6 3 15 5 8 9 14 7 4
14 12 2 11 3 13 10 7 8 5 9 4 1 6 15
7 6 5 8 10 14 15 9 1 12 11 13 2 3 4
4 13 8 14 5 2 6 1 10 7 12 11 3 9 15
11 5 1 4 14 10 2 3 13 6 15 8 7 9 12
7 1 14 8 4 2 9 3 5 10 6 13 15 11 12
9 8 6 14 1 13 3 11 15 7 12 10 5 4 2
3 10 15 8 9 1 7 12 11 6 5 4 14 2 13
9 15 6 2 7 12 3 8 10 1 13 14 5 4 11
13 9 4 8 2 3 11 10 7 5 14 1 15 6 12
13 9 5 3 10 2 14 11 4 8 6 15 1 12 7
4 2 12 10 6 13 1 3 11 8 5 15 14 9 7
7 3 6 2 9 10 14 13 15 5 12 11 1 4 8
2 10 1 4 6 8 13 15 9 12 14 11 5 3 7
8 7 12 15 6 13 4 3 14 9 11 2 1 10 5
13 1 3 7 6 14 5 2 15 11 4 12 8 9 10
1 6 4 9 12 3 11 5 15 2 10 8 7 14 13
10 9 3 4 13 6 14 1 8 15 12 5 2 7 11
10 11 8 3 1 15 4 6 7 2 9 12 14 13 5
11 1 2 15 6 14 8 9 4 13 7 12 3 5 10
13 14 8 3 15 12 6 2 11 4 9 5 10 1 7
6 2 14 12 10 13 1 8 7 4 9 3 15 11 5
6 1 7 11 12 15 3 2 9 13 4 5 14 8 10
9 12 7 8 1 14 15 13 5 3 11 2 6 10 4
1 3 14 4 2 8 6 11 10 15 13 12 9 7 5
2 12 1 3 7 8 11 15 10 14 9 6 5 13 4
3 8 15 9 2 4 5 12 1 6 10 7 13 14 11
5 8 12 6 15 2 11 1 13 3 14 4 9 10 7
2 13 15 9 6 11 3 12 10 8 5 7 4 14 1
4 3 13 7 6 2 11 14 5 9 15 12 1 10 8
13 7 12 4 14 8 6 15 3 5 2 1 10 11 9
1 6 3 13 5 9 10 7 14 15 4 2 12 8 11
4 5 2 6 11 1 9 14 3 8 15 13 12 10 7
15 9 13 11 12 2 14 6 5 8 10 3 1 4 7
4 13 3 15 9 2 14 7 10 6 12 8 11 1 5
13 10 3 5 4 6 2 7 12 15 1 14 9 11 8
11 3 15 6 1 5 8 12 4 10 2 9 7 13 14
8 11 7 9 6 4 14 5 1 3 12 13 10 2 15
8 2 6 9 1 5 12 7 11 15 10 4 3 14 13
1 4 12 9 8 13 10 14 15 6 11 2 5 3 7
1 13 12 10 11 2 6 3 15 5 8 9 14 7 4
14 12 2 11 3 13 10 7 8 5 9 4 1 6 15
7 6 5 8 10 14 15 9 1 12 11 13 2 3 4
4 13 8 14 5 2 6 1 10 7 12 11 3 9 15
11 5 1 4 14 10 2 3 13 6 15 8 7 9 12
7 1 14 8 4 2 9 3 5 10 6 13 15 11 12
9 8 6 14 1 13 3 11 15 7 12 10 5 4 2
3 10 15 8 9 1 7 12 11 6 5 4 14 2 13
9 15 6 2 7 12 3 8 10 1 13 14 5 4 11
13 9 4 8 2 3 11 10 7 5 14 1 15 6 12
13 9 5 3 10 2 14 11 4 8 6 15 1 12 7
4 2 12 10 6 13 1 3 11 8 5 15 14 9 7
7 3 6 2 9 10 14 13 15 5 12 11 1 4 8
2 10 1 4 6 8 13 15 9 12 14 11 5 3 7
8 7 12 15 6 13 4 3 14 9 11 2 1 10 5
13 1 3 7 6 14 5 2 15 11 4 12 8 9 10
1 6 4 9 12 3 11 5 15 2 10 8 7 14 13
10 9 3 4 13 6 14 1 8 15 12 5 2 7 11
10 11 8 3 1 15 4 6 7 2 9 12 14 13 5
11 1 2 15 6 14 8 9 4 13 7 12 3 5 10
13 14 8 3 15 12 6 2 11 4 9 5 10 1 7
6 2 14 12 10 13 1 8 7 4 9 3 15 11 5
6 1 7 11 12 15 3 2 9 13 4 5 14 8 10
9 12 7 8 1 14 15 13 5 3 11 2 6 10 4
1 3 14 4 2 8 6 11 10 15 13 12 9 7 5
2 12 1 3 7 8 11 15 10 14 9 6 5 13 4
3 8 15 9 2 4 5 12 1 6 10 7 13 14 11
5 8 12 6 15 2 11 1 13 3 14 4 9 10 7
2 13 15 9 6 11 3 12 10 8 5 7 4 14 1
4 3 13 7 6 2 11 14 5 9 15 12 1 10 8
13 7 12 4 14 8 6 15 3 5 2 1 10 11 9
1 6 3 13 5 9 10 7 14 15 4 2 12 8 11
4 5 2 6 11 1 9 14 3 8 15 13 12 10 7
15 9 13 11 12 2 14 6 5 8 10 3 1 4 7
4 13 3 15 9 2 14 7 10 6 12 8 11 1 5
13 10 3 5 4 6 2 7 12 15 1 14 9 11 8
11 3 15 6 1 5 8 12 4 10 2 9 7 13 14
8 11 7 9 6 4 14 5 1 3 12 13 10 2 15
8 2 6 9 1 5 12 7 11 15 10 4 3 14 13
1 4 12 9 8 13 10 14 15 6 11 2 5 3 7
1 13 12 10 11 2 6 3 15 5 8 9 14 7 4
14 12 2 11 3 13 10 7 8 5 9 4 1 6 15
7 6 5 8 10 14 15 9 1 12 11 13 2 3 4
4 13 8 14 5 2 6 1 10 7 12 11 3 9 15
11 5 1 4 14 10 2 3 13 6 15 8 7 9 12
7 1 14 8 4 2 9 3 5 10 6 13 15 11 12
9 8 6 14 1 13 3 11 15 7 12 10 5 4 2
3 10 15 8 9 1 7 12 11 6 5 4 14 2 13
9 15 6 2 7 12 3 8 10 1 13 14 5 4 11
13 9 4 8 2 3 11 10 7 5 14 1 15 6 12
13 9 5 3 10 2 14 11 4 8 6 15 1 12 7
4 2 12 10 6 13 1 3 11 8 5 15 14 9 7
7 3 6 2 9 10 14 13 15 5 12 11 1 4 8
2 10 1 4 6 8 13 15 9 12 14 11 5 3 7
8 7 12 15 6 13 4 3 14 9 11 2 1 10 5
13 1 3 7 6 14 5 2 15 11 4 12 8 9 10
1 6 4 9 12 3 11 5 15 2 10 8 7 14 13
10 9 3 4 13 6 14 1 8 15 12 5 2 7 11
10 11 8 3 1 15 4 6 7 2 9 12 14 13 5
11 1 2 15 6 14 8 9 4 13 7 12 3 5 10
13 14 8 3 15 12 6 2 11 4 9 5 10 1 7
6 2 14 12 10 13 1 8 7 4 9 3 15 11 5
6 1 7 11 12 15 3 2 9 13 4 5 14 8 10
9 12 7 8 1 14 15 13 5 3 11 2 6 10 4
1 3 14 4 2 8 6 11 10 15 13 12 9 7 5
2 12 1 3 7 8 11 15 10 14 9 6 5 13 4
3 8 15 9 2 4 5 12 1 6 10 7 13 14 11
5 8 12 6 15 2 11 1 13 3 14 4 9 10 7
2 13 15 9 6 11 3 12 10 8 5 7 4 14 1
4 3 13 7 6 2 11 14 5 9 15 12 1 10 8
13 7 12 4 14 8 6 15 3 5 2 1 10 11 9
1 6 3 13 5 9 10 7 14 15 4 2 12 8 11
4 5 2 6 11 1 9 14 3 8 15 13 12 10 7
15 9 13 11 12 2 14 6 5 8 10 3 1 4 7
4 13 3 15 9 2 14 7 10 6 12 8 11 1 5
13 10 3 5 4 6 2 7 12 15 1 14 9 11 8
11 3 15 6 1 5 8 12 4 10 2 9 7 13 14
8 11 7 9 6 4 14 5 1 3 12 13 10 2 15
8 2 6 9 1 5 12 7 11 15 10 4 3 14 13
1 4 12 9 8 13 10 14 15 6 11 2 5 3 7
1 13 12 10 11 2 6 3 15 5 8 9 14 7 4
14 12 2 11 3 13 10 7 8 5 9 4 1 6 15
7 6 5 8 10 14 15 9 1 12 11 13 2 3 4
4 13 8 14 5 2 6 1 10 7 12 11 3 9 15
11 5 1 4 14 10 2 3 13 6 15 8 7 9 12
7 1 14 8 4 2 9 3 5 10 6 13 15 11 12
9 8 6 14 1 13 3 11 15 7 12 10 5 4 2
3 10 15 8 9 1 7 12 11 6 5 4 14 2 13
9 15 6 2 7 12 3 8 10 1 13 14 5 4 11
13 9 4 8 2 3 11 10 7 5 14 1 15 6 12
13 9 5 3 10 2 14 11 4 8 6 15 1 12 7
4 2 12 10 6 13 1 3 11 8 5 15 14 9 7
7 3 6 2 9 10 14 13 15 5 12 11 1 4 8
2 10 1 4 6 8 13 15 9 12 14 11 5 3 7
8 7 12 15 6 13 4 3 14 9 11 2 1 10 5
13 1 3 7 6 14 5 2 15 11 4 12 8 9 10
1 6 4 9 12 3 11 5 15 2 10 8 7 14 13
10 9 3 4 13 6 14 1 8 15 12 5 2 7 11
10 11 8 3 1 15 4 6 7 2 9 12 14 13 5
11 1 2 15 6 14 8 9 4 13 7 12 3 5 10
13 14 8 3 15 12 6 2 11 4 9 5 10 1 7
6 2 14 12 10 13 1 8 7 4 9 3 15 11 5
6 1 7 11 12 15 3 2 9 13 4 5 14 8 10
9 12 7 8 1 14 15 13 5 3 11 2 6 10 4
1 3 14 4 2 8 6 11 10 15 13 12 9 7 5
2 12 1 3 7 8 11 15 10 14 9 6 5 13 4
3 8 15 9 2 4 5 12 1 6 10 7 13 14 11
5 8 12 6 15 2 11 1 13 3 14 4 9 10 7
2 13 15 9 6 11 3 12 10 8 5 7 4 14 1
4 3 13 7 6 2 11 14 5 9 15 12 1 10 8
13 7 12 4 14 8 6 15 3 5 2 1 10 11 9
1 6 3 13 5 9 10 7 14 15 4 2 12 8 11
4 5 2 6 11 1 9 14 3 8 15 13 12 10 7
15 9 13 11 12 2 14 6 5 8 10 3 1 4 7
4 13 3 15 9 2 14 7 10 6 12 8 11 1 5
13 10 3 5 4 6 2 7 12 15 1 14 9 11 8
11 3 15 6 1 5 8 12 4 10 2 9 7 13 14
8 11 7 9 6 4 14 5 1 3 12 13 10 2 15
8 2 6 9 1 5 12 7 11 15 10 4 3 14 13
1 4 12 9 8 13 10 14 15 6 11 2 5 3 7
1 13 12 10 11 2 6 3 15 5 8 9 14 7 4
14 12 2 11 3 13 10 7 8 5 9 4 1 6 15
7 6 5 8 10 14 15 9 1 12 11 13 2 3 4
4 13 8 14 5 2 6 1 10 7 12 11 3 9 15
11 5 1 4 14 10 2 3 13 6 15 8 7 9 12
7 1 14 8 4 2 9 3 5 10 6 13 15 11 12
9 8 6 14 1 13 3 11 15 7 12 10 5 4 2
3 10 15 8 9 1 7 12 11 6 5 4 14 2 13
9 15 6 2 7 12 3 8 10 1 13 14 5 4 11
13 9 4 8 2 3 11 10 7 5 14 1 15 6 12
13 9 5 3 10 2 14 11 4 8 6 15 1 12 7
4 2 12 10 6 13 1 3 11 8 5 15 14 9 7
7 3 6 2 9 10 14 13 15 5 12 11 1 4 8
2 10 1 4 6 8 13 15 9 12 14 11 5 3 7
8 7 12 15 6 13 4 3 14 9 11 2 1 10 5
13 1 3 7 6 14 5 2 15 11 4 12 8 9 10
1 6 4 9 12 3 11 5 15 2 10 8 7 14 13
10 9 3 4 13 6 14 1 8 15 12 5 2 7 11
10 11 8 3 1 15 4 6 7 2 9 12 14 13 5
11 1 2 15 6 14 8 9 4 13 7 12 3 5 10
13 14 8 3 15 12 6 2 11 4 9 5 10 1 7
6 2 14 12 10 13 1 8 7 4 9 3 15 11 5
6 1 7 11 12 15 3 2 9 13 4 5 14 8 10
9 12 7 8 1 14 15 13 5 3 11 2 6 10 4
1 3 14 4 2 8 6 11 10 15 13 12 9 7 5
2 12 1 3 7 8 11 15 10 14 9 6 5 13 4
3 8 15 9 2 4 5 12 1 6 10 7 13 14 11
5 8 12 6 15 2 11 1 13 3 14 4 9 10 7
2 13 15 9 6 11 3 12 10 8 5 7 4 14 1
4 3 13 7 6 2 11 14 5 9 15 12 1 10 8
13 7 12 4 14 8 6 15 3 5 2 1 10 11 9
1 6 3 13 5 9 10 7 14 15 4 2 12 8 11
4 5 2 6 11 1 9 14 3 8 15 13 12 10 7
15 9 13 11 12 2 14 6 5 8 10 3 1 4 7
4 13 3 15 9 2 14 7 10 6 12 8 11 1 5
13 10 3 5 4 6 2 7 12 15 1 14 9 11 8
11 3 15 6 1 5 8 12 4 10 2 9 7 13 14
8 11 7 9 6 4 14 5 1 3 12 13 10 2 15
8 2 6 9 1 5 12 7 11 15 10 4 3 14 13
1 4 12 9 8 13 10 14 15 6 11 2 5 3 7
1 13 12 10 11 2 6 3 15 5 8 9 14 7 4
14 12 2 11 3 13 10 7 8 5 9 4 1 6 15
7 6 5 8 10 14 15 9 1 12 11 13 2 3 4
4 13 8 14 5 2 6 1 10 7 12 11 3 9 15
11 5 1 4 14 10 2 3 13 6 15 8 7 9 12
7 1 14 8 4 2 9 3 5 10 6 13 15 11 12
9 8 6 14 1 13 3 11 15 7 12 10 5 4 2
3 10 15 8 9 1 7 12 11 6 5 4 14 2 13
9 15 6 2 7 12 3 8 10 1 13 14 5 4 11
13 9 4 8 2 3 11 10 7 5 14 1 15 6 12
13 9 5 3 10 2 14 11 4 8 6 15 1 12 7
4 2 12 10 6 13 1 3 11 8 5 15 14 9 7
7 3 6 2 9 10 14 13 15 5 12 11 1 4 8
2 10 1 4 6 8 13 15 9 12 14 11 5 3 7
8 7 12 15 6 13 4 3 14 9 11 2 1 10 5
13 1 3 7 6 14 5 2 15 11 4 12 8 9 10
1 6 4 9 12 3 11 5 15 2 10 8 7 14 13
10 9 3 4 13 6 14 1 8 15 12 5 2 7 11
10 11 8 3 1 15 4 6 7 2 9 12 14 13 5
11 1 2 15 6 14 8 9 4 13 7 12 3 5 10
13 14 8 3 15 12 6 2 11 4 9 5 10 1 7
6 2 14 12 10 13 1 8 7 4 9 3 15 11 5
6 1 7 11 12 15 3 2 9 13 4 5 14 8 10
9 12 7 8 1 14 15 13 5 3 11 2 6 10 4
1 3 14 4 2 8 6 11 10 15 13 12 9 7 5
2 12 1 3 7 8 11 15 10 14 9 6 5 13 4
3 8 15 9 2 4 5 12 1 6 10 7 13 14 11
5 8 12 6 15 2 11 1 13 3 14 4 9 10 7
2 13 15 9 6 11 3 12 10 8 5 7 4 14 1
4 3 13 7 6 2 11 14 5 9 15 12 1 10 8
13 7 12 4 14 8 6 15 3 5 2 1 10 11 9
1 6 3 13 5 9 10 7 14 15 4 2 12 8 11
4 5 2 6 11 1 9 14 3 8 15 13 12 10 7
15 9 13 11 12 2 14 6 5 8 10 3 1 4 7
4 13 3 15 9 2 14 7 10 6 12 8 11 1 5
13 10 3 5 4 6 2 7 12 15 1 14 9 11 8
11 3 15 6 1 5 8 12 4 10 2 9 7 13 14
8 11 7 9 6 4 14 5 1 3 12 13 10 2 15
8 2 6 9 1 5 12 7 11 15 10 4 3 14 13
1 4 12 9 8 13 10 14 15 6 11 2 5 3 7
1 13 12 10 11 2 6 3 15 5 8 9 14 7 4
14 12 2 11 3 13 10 7 8 5 9 4 1 6 15
7 6 5 8 10 14 15 9 1 12 11 13 2 3 4
4 13 8 14 5 2 6 1 10 7 12 11 3 9 15
11 5 1 4 14 10 2 3 13 6 15 8 7 9 12
7 1 14 8 4 2 9 3 5 10 6 13 15 11 12
9 8 6 14 1 13 3 11 15 7 12 10 5 4 2
3 10 15 8 9 1 7 12 11 6 5 4 14 2 13
9 15 6 2 7 12 3 8 10 1 13 14 5 4 11
13 9 4 8 2 3 11 10 7 5 14 1 15 6 12
13 9 5 3 10 2 14 11 4 8 6 15 1 12 7
4 2 12 10 6 13 1 3 11 8 5 15 14 9 7
7 3 6 2 9 10 14 13 15 5 12 11 1 4 8
2 10 1 4 6 8 13 15 9 12 14 11 5 3 7
8 7 12 15 6 13 4 3 14 9 11 2 1 10 5
13 1 3 7 6 14 5 2 15 11 4 12 8 9 10
1 6 4 9 12 3 11 5 15 2 10 8 7 14 13
10 9 3 4 13 6 14 1 8 15 12 5 2 7 11
10 11 8 3 1 15 4 6 7 2 9 12 14 13 5
11 1 2 15 6 14 8 9 4 13 7 12 3 5 10
13 14 8 3 15 12 6 2 11 4 9 5 10 1 7
6 2 14 12 10 13 1 8 7 4 9 3 15 11 5
6 1 7 11 12 15 3 2 9 13 4 5 14 8 10
9 12 7 8 1 14 15 13 5 3 11 2 6 10 4
1 3 14 4 2 8 6 11 10 15 13 12 9 7 5
2 12 1 3 7 8 11 15 10 14 9 6 5 13 4
3 8 15 9 2 4 5 12 1 6 10 7 13 14 11
5 8 12 6 15 2 11 1 13 3 14 4 9 10 7
2 13 15 9 6 11 3 12 10 8 5 7 4 14 1
4 3 13 7 6 2 11 14 5 9 15 12 1 10 8
13 7 12 4 14 8 6 15 3 5 2 1 10 11 9
1 6 3 13 5 9 10 7 14 15 4 2 12 8 11
4 5 2 6 11 1 9 14 3 8 15 13 12 10 7
15 9 13 11 12 2 14 6 5 8 10 3 1 4 7
4 13 3 15 9 2 14 7 10 6 12 8 11 1 5
13 10 3 5 4 6 2 7 12 15 1 14 9 11 8
11 3 15 6 1 5 8 12 4 10 2 9 7 13 14
8 11 7 9 6 4 14 5 1 3 12 13 10 2 15
8 2 6 9 1 5 12 7 11 15 10 4 3 14 13
1 4 12 9 8 13 10 14 15 6 11 2 5 3 7
1 13 12 10 11 2 6 3 15 5 8 9 14 7 4
14 12 2 11 3 13 10 7 8 5 9 4 1 6 15
7 6 5 8 10 14 15 9 1 12 11 13 2 3 4
4 13 8 14 5 2 6 1 10 7 12 11 3 9 15
11 5 1 4 14 10 2 3 13 6 15 8 7 9 12
7 1 14 8 4 2 9 3 5 10 6 13 15 11 12
9 8 6 14 1 13 3 11 15 7 12 10 5 4 2
3 10 15 8 9 1 7 12 11 6 5 4 14 2 13
9 15 6 2 7 12 3 8 10 1 13 14 5 4 11
13 9 4 8 2 3 11 10 7 5 14 1 15 6 12
13 9 5 3 10 2 14 11 4 8 6 15 1 12 7
4 2 12 10 6 13 1 3 11 8 5 15 14 9 7
7 3 6 2 9 10 14 13 15 5 12 11 1 4 8
2 10 1 4 6 8 13 15 9 12 14 11 5 3 7
8 7 12 15 6 13 4 3 14 9 11 2 1 10 5
13 1 3 7 6 14 5 2 15 11 4 12 8 9 10
1 6 4 9 12 3 11 5 15 2 10 8 7 14 13
10 9 3 4 13 6 14 1 8 15 12 5 2 7 11
10 11 8 3 1 15 4 6 7 2 9 12 14 13 5
11 1 2 15 6 14 8 9 4 13 7 12 3 5 10
13 14 8 3 15 12 6 2 11 4 9 5 10 1 7
6 2 14 12 10 13 1 8 7 4 9 3 15 11 5
6 1 7 11 12 15 3 2 9 13 4 5 14 8 10
9 12 7 8 1 14 15 13 5 3 11 2 6 10 4
1 3 14 4 2 8 6 11 10 15 13 12 9 7 5
2 12 1 3 7 8 11 15 10 14 9 6 5 13 4
3 8 15 9 2 4 5 12 1 6 10 7 13 14 11
5 8 12 6 15 2 11 1 13 3 14 4 9 10 7
2 13 15 9 6 11 3 12 10 8 5 7 4 14 1
4 3 13 7 6 2 11 14 5 9 15 12 1 10 8
13 7 12 4 14 8 6 15 3 5 2 1 10 11 9
1 6 3 13 5 9 10 7 14 15 4 2 12 8 11
4 5 2 6 11 1 9 14 3 8 15 13 12 10 7
15 9 13 11 12 2 14 6 5 8 10 3 1 4 7
4 13 3 15 9 2 14 7 10 6 12 8 11 1 5
13 10 3 5 4 6 2 7 12 15 1 14 9 11 8
11 3 15 6 1 5 8 12 4 10 2 9 7 13 14
8 11 7 9 6 4 14 5 1 3 12 13 10 2 15
8 2 6 9 1 5 12 7 11 15 10 4 3 14 13
1 4 12 9 8 13 10 14 15 6 11 2 5 3 7
1 13 12 10 11 2 6 3 15 5 8 9 14 7 4
14 12 2 11 3 13 10 7 8 5 9 4 1 6 15
7 6 5 8 10 14 15 9 1 12 11 13 2 3 4
4 13 8 14 5 2 6 1 10 7 12 11 3 9 15
11 5 1 4 14 10 2 3 13 6 15 8 7 9 12
7 1 14 8 4 2 9 3 5 10 6 13 15 11 12
9 8 6 14 1 13 3 11 15 7 12 10 5 4 2
3 10 15 8 9 1 7 12 11 6 5 4 14 2 13
9 15 6 2 7 12 3 8 10 1 13 14 5 4 11
13 9 4 8 2 3 11 10 7 5 14 1 15 6 12
13 9 5 3 10 2 14 11 4 8 6 15 1 12 7
4 2 12 10 6 13 1 3 11 8 5 15 14 9 7
7 3 6 2 9 10 14 13 15 5 12 11 1 4 8
2 10 1 4 6 8 13 15 9 12 14 11 5 3 7
8 7 12 15 6 13 4 3 14 9 11 2 1 10 5
13 1 3 7 6 14 5 2 15 11 4 12 8 9 10
1 6 4 9 12 3 11 5 15 2 10 8 7 14 13
10 9 3 4 13 6 14 1 8 15 12 5 2 7 11
10 11 8 3 1 15 4 6 7 2 9 12 14 13 5
11 1 2 15 6 14 8 9 4 13 7 12 3 5 10
13 14 8 3 15 12 6 2 11 4 9 5 10 1 7
6 2 14 12 10 13 1 8 7 4 9 3 15 11 5
6 1 7 11 12 15 3 2 9 13 4 5 14 8 10
9 12 7 8 1 14 15 13 5 3 11 2 6 10 4
1 3 14 4 2 8 6 11 10 15 13 12 9 7 5
2 12 1 3 7 8 11 15 10 14 9 6 5 13 4
3 8 15 9 2 4 5 12 1 6 10 7 13 14 11
5 8 12 6 15 2 11 1 13 3 14 4 9 10 7
2 13 15 9 6 11 3 12 10 8 5 7 4 14 1
4 3 13 7 6 2 11 14 5 9 15 12 1 10 8
13 7 12 4 14 8 6 15 3 5 2 1 10 11 9
1 6 3 13 5 9 10 7 14 15 4 2 12 8 11
4 5 2 6 11 1 9 14 3 8 15 13 12 10 7
15 9 13 11 12 2 14 6 5 8 10 3 1 4 7
4 13 3 15 9 2 14 7 10 6 12 8 11 1 5
13 10 3 5 4 6 2 7 12 15 1 14 9 11 8
11 3 15 6 1 5 8 12 4 10 2 9 7 13 14
8 11 7 9 6 4 14 5 1 3 12 13 10 2 15
8 2 6 9 1 5 12 7 11 15 10 4 3 14 13
1 4 12 9 8 13 10 14 15 6 11 2 5 3 7
1 13 12 10 11 2 6 3 15 5 8 9 14 7 4
14 12 2 11 3 13 10 7 8 5 9 4 1 6 15
7 6 5 8 10 14 15 9 1 12 11 13 2 3 4
4 13 8 14 5 2 6 1 10 7 12 11 3 9 15
11 5 1 4 14 10 2 3 13 6 15 8 7 9 12
7 1 14 8 4 2 9 3 5 10 6 13 15 11 12
9 8 6 14 1 13 3 11 15 7 12 10 5 4 2
3 10 15 8 9 1 7 12 11 6 5 4 14 2 13
9 15 6 2 7 12 3 8 10 1 13 14 5 4 11
13 9 4 8 2 3 11 10 7 5 14 1 15 6 12
13 9 5 3 10 2 14 11 4 8 6 15 1 12 7
4 2 12 10 6 13 1 3 11 8 5 15 14 9 7
7 3 6 2 9 10 14 13 15 5 12 11 1 4 8
2 10 1 4 6 8 13 15 9 12 14 11 5 3 7
8 7 12 15 6 13 4 3 14 9 11 2 1 10 5
13 1 3 7 6 14 5 2 15 11 4 12 8 9 10
1 6 4 9 12 3 11 5 15 2 10 8 7 14 13
10 9 3 4 13 6 14 1 8 15 12 5 2 7 11
10 11 8 3 1 15 4 6 7 2 9 12 14 13 5
11 1 2 15 6 14 8 9 4 13 7 12 3 5 10
13 14 8 3 15 12 6 2 11 4 9 5 10 1 7
6 2 14 12 10 13 1 8 7 4 9 3 15 11 5
6 1 7 11 12 15 3 2 9 13 4 5 14 8 10
9 12 7 8 1 14 15 13 5 3 11 2 6 10 4
1 3 14 4 2 8 6 11 10 15 13 12 9 7 5
2 12 1 3 7 8 11 15 10 14 9 6 5 13 4
3 8 15 9 2 4 5 12 1 6 10 7 13 14 11
5 8 12 6 15 2 11 1 13 3 14 4 9 10 7
2 13 15 9 6 11 3 12 10 8 5 7 4 14 1
4 3 13 7 6 2 11 14 5 9 15 12 1 10 8
13 7 12 4 14 8 6 15 3 5 2 1 10 11 9
1 6 3 13 5 9 10 7 14 15 4 2 12 8 11
4 5 2 6 11 1 9 14 3 8 15 13 12 10 7
15 9 13 11 12 2 14 6 5 8 10 3 1 4 7
4 13 3 15 9 2 14 7 10 6 12 8 11 1 5
13 10 3 5 4 6 2 7 12 15 1 14 9 11 8
11 3 15 6 1 5 8 12 4 10 2 9 7 13 14
8 11 7 9 6 4 14 5 1 3 12 13 10 2 15
8 2 6 9 1 5 12 7 11 15 10 4 3 14 13
1 4 12 9 8 13 10 14 15 6 11 2 5 3 7
1 13 12 10 11 2 6 3 15 5 8 9 14 7 4
14 12 2 11 3 13 10 7 8 5 9 4 1 6 15
7 6 5 8 10 14 15 9 1 12 11 13 2 3 4
4 13 8 14 5 2 6 1 10 7 12 11 3 9 15
11 5 1 4 14 10 2 3 13 6 15 8 7 9 12
7 1 14 8 4 2 9 3 5 10 6 13 15 11 12
9 8 6 14 1 13 3 11 15 7 12 10 5 4 2
3 10 15 8 9 1 7 12 11 6 5 4 14 2 13
9 15 6 2 7 12 3 8 10 1 13 14 5 4 11
13 9 4 8 2 3 11 10 7 5 14 1 15 6 12
13 9 5 3 10 2 14 11 4 8 6 15 1 12 7
4 2 12 10 6 13 1 3 11 8 5 15 14 9 7
7 3 6 2 9 10 14 13 15 5 12 11 1 4 8
2 10 1 4 6 8 13 15 9 12 14 11 5 3 7
8 7 12 15 6 13 4 3 14 9 11 2 1 10 5
13 1 3 7 6 14 5 2 15 11 4 12 8 9 10
1 6 4 9 12 3 11 5 15 2 10 8 7 14 13
10 9 3 4 13 6 14 1 8 15 12 5 2 7 11
10 11 8 3 1 15 4 6 7 2 9 12 14 13 5
11 1 2 15 6 14 8 9 4 13 7 12 3 5 10
13 14 8 3 15 12 6 2 11 4 9 5 10 1 7
6 2 14 12 10 13 1 8 7 4 9 3 15 11 5
6 1 7 11 12 15 3 2 9 13 4 5 14 8 10
9 12 7 8 1 14 15 13 5 3 11 2 6 10 4
1 3 14 4 2 8 6 11 10 15 13 12 9 7 5
2 12 1 3 7 8 11 15 10 14 9 6 5 13 4
3 8 15 9 2 4 5 12 1 6 10 7 13 14 11
5 8 12 6 15 2 11 1 13 3 14 4 9 10 7
2 13 15 9 6 11 3 12 10 8 5 7 4 14 1
4 3 13 7 6 2 11 14 5 9 15 12 1 10 8
13 7 12 4 14 8 6 15 3 5 2 1 10 11 9
1 6 3 13 5 9 10 7 14 15 4 2 12 8 11
4 5 2 6 11 1 9 14 3 8 15 13 12 10 7
15 9 13 11 12 2 14 6 5 8 10 3 1 4 7
4 13 3 15 9 2 14 7 10 6 12 8 11 1 5
13 10 3 5 4 6 2 7 12 15 1 14 9 11 8
11 3 15 6 1 5 8 12 4 10 2 9 7 13 14
8 11 7 9 6 4 14 5 1 3 12 13 10 2 15
8 2 6 9 1 5 12 7 11 15 10 4 3 14 13
1 4 12 9 8 13 10 14 15 6 11 2 5 3 7
1 13 12 10 11 2 6 3 15 5 8 9 14 7 4
14 12 2 11 3 13 10 7 8 5 9 4 1 6 15
7 6 5 8 10 14 15 9 1 12 11 13 2 3 4
4 13 8 14 5 2 6 1 10 7 12 11 3 9 15
11 5 1 4 14 10 2 3 13 6 15 8 7 9 12
7 1 14 8 4 2 9 3 5 10 6 13 15 11 12
9 8 6 14 1 13 3 11 15 7 12 10 5 4 2
3 10 15 8 9 1 7 12 11 6 5 4 14 2 13
9 15 6 2 7 12 3 8 10 1 13 14 5 4 11
13 9 4 8 2 3 11 10 7 5 14 1 15 6 12
13 9 5 3 10 2 14 11 4 8 6 15 1 12 7
4 2 12 10 6 13 1 3 11 8 5 15 14 9 7
7 3 6 2 9 10 14 13 15 5 12 11 1 4 8
2 10 1 4 6 8 13 15 9 12 14 11 5 3 7
8 7 12 15 6 13 4 3 14 9 11 2 1 10 5
13 1 3 7 6 14 5 2 15 11 4 12 8 9 10
1 6 4 9 12 3 11 5 15 2 10 8 7 14 13
10 9 3 4 13 6 14 1 8 15 12 5 2 7 11
10 11 8 3 1 15 4 6 7 2 9 12 14 13 5
11 1 2 15 6 14 8 9 4 13 7 12 3 5 10
13 14 8 3 15 12 6 2 11 4 9 5 10 1 7
6 2 14 12 10 13 1 8 7 4 9 3 15 11 5
6 1 7 11 12 15 3 2 9 13 4 5 14 8 10
9 12 7 8 1 14 15 13 5 3 11 2 6 10 4
1 3 14 4 2 8 6 11 10 15 13 12 9 7 5
2 12 1 3 7 8 11 15 10 14 9 6 5 13 4
3 8 15 9 2 4 5 12 1 6 10 7 13 14 11
5 8 12 6 15 2 11 1 13 3 14 4 9 10 7
2 13 15 9 6 11 3 12 10 8 5 7 4 14 1
4 3 13 7 6 2 11 14 5 9 15 12 1 10 8
13 7 12 4 14 8 6 15 3 5 2 1 10 11 9
1 6 3 13 5 9 10 7 14 15 4 2 12 8 11
4 5 2 6 11 1 9 14 3 8 15 13 12 10 7
15 9 13 11 12 2 14 6 5 8 10 3 1 4 7
4 13 3 15 9 2 14 7 10 6 12 8 11 1 5
13 10 3 5 4 6 2 7 12 15 1 14 9 11 8
11 3 15 6 1 5 8 12 4 10 2 9 7 13 14
8 11 7 9 6 4 14 5 1 3 12 13 10 2 15
8 2 6 9 1 5 12 7 11 15 10 4 3 14 13
1 4 12 9 8 13 10 14 15 6 11 2 5 3 7
1 13 12 10 11 2 6 3 15 5 8 9 14 7 4
14 12 2 11 3 13 10 7 8 5 9 4 1 6 15
7 6 5 8 10 14 15 9 1 12 11 13 2 3 4
4 13 8 14 5 2 6 1 10 7 12 11 3 9 15
11 5 1 4 14 10 2 3 13 6 15 8 7 9 12
7 1 14 8 4 2 9 3 5 10 6 13 15 11 12
9 8 6 14 1 13 3 11 15 7 12 10 5 4 2
3 10 15 8 9 1 7 12 11 6 5 4 14 2 13
9 15 6 2 7 12 3 8 10 1 13 14 5 4 11
13 9 4 8 2 3 11 10 7 5 14 1 15 6 12
13 9 5 3 10 2 14 11 4 8 6 15 1 12 7
4 2 12 10 6 13 1 3 11 8 5 15 14 9 7
7 3 6 2 9 10 14 13 15 5 12 11 1 4 8
2 10 1 4 6 8 13 15 9 12 14 11 5 3 7
8 7 12 15 6 13 4 3 14 9 11 2 1 10 5
13 1 3 7 6 14 5 2 15 11 4 12 8 9 10
1 6 4 9 12 3 11 5 15 2 10 8 7 14 13
10 9 3 4 13 6 14 1 8 15 12 5 2 7 11
10 11 8 3 1 15 4 6 7 2 9 12 14 13 5
11 1 2 15 6 14 8 9 4 13 7 12 3 5 10
13 14 8 3 15 12 6 2 11 4 9 5 10 1 7
6 2 14 12 10 13 1 8 7 4 9 3 15 11 5
6 1 7 11 12 15 3 2 9 13 4 5 14 8 10
9 12 7 8 1 14 15 13 5 3 11 2 6 10 4
1 3 14 4 2 8 6 11 10 15 13 12 9 7 5
2 12 1 3 7 8 11 15 10 14 9 6 5 13 4
3 8 15 9 2 4 5 12 1 6 10 7 13 14 11
5 8 12 6 15 2 11 1 13 3 14 4 9 10 7
2 13 15 9 6 11 3 12 10 8 5 7 4 14 1
4 3 13 7 6 2 11 14 5 9 15 12 1 10 8
13 7 12 4 14 8 6 15 3 5 2 1 10 11 9
1 6 3 13 5 9 10 7 14 15 4 2 12 8 11
4 5 2 6 11 1 9 14 3 8 15 13 12 10 7
15 9 13 11 12 2 14 6 5 8 10 3 1 4 7
4 13 3 15 9 2 14 7 10 6 12 8 11 1 5
13 10 3 5 4 6 2 7 12 15 1 14 9 11 8
11 3 15 6 1 5 8 12 4 10 2 9 7 13 14
8 11 7 9 6 4 14 5 1 3 12 13 10 2 15
8 2 6 9 1 5 12 7 11 15 10 4 3 14 13
1 4 12 9 8 13 10 14 15 6 11 2 5 3 7
1 13 12 10 11 2 6 3 15 5 8 9 14 7 4
14 12 2 11 3 13 10 7 8 5 9 4 1 6 15
7 6 5 8 10 14 15 9 1 12 11 13 2 3 4
4 13 8 14 5 2 6 1 10 7 12 11 3 9 15
11 5 1 4 14 10 2 3 13 6 15 8 7 9 12
7 1 14 8 4 2 9 3 5 10 6 13 15 11 12
9 8 6 14 1 13 3 11 15 7 12 10 5 4 2
3 10 15 8 9 1 7 12 11 6 5 4 14 2 13
9 15 6 2 7 12 3 8 10 1 13 14 5 4 11
13 9 4 8 2 3 11 10 7 5 14 1 15 6 12
13 9 5 3 10 2 14 11 4 8 6 15 1 12 7
4 2 12 10 6 13 1 3 11 8 5 15 14 9 7
7 3 6 2 9 10 14 13 15 5 12 11 1 4 8
2 10 1 4 6 8 13 15 9 12 14 11 5 3 7
8 7 12 15 6 13 4 3 14 9 11 2 1 10 5
13 1 3 7 6 14 5 2 15 11 4 12 8 9 10
1 6 4 9 12 3 11 5 15 2 10 8 7 14 13
10 9 3 4 13 6 14 1 8 15 12 5 2 7 11
10 11 8 3 1 15 4 6 7 2 9 12 14 13 5
11 1 2 15 6 14 8 9 4 13 7 12 3 5 10
13 14 8 3 15 12 6 2 11 4 9 5 10 1 7
6 2 14 12 10 13 1 8 7 4 9 3 15 11 5
6 1 7 11 12 15 3 2 9 13 4 5 14 8 10
9 12 7 8 1 14 15 13 5 3 11 2 6 10 4
1 3 14 4 2 8 6 11 10 15 13 12 9 7 5
2 12 1 3 7 8 11 15 10 14 9 6 5 13 4
3 8 15 9 2 4 5 12 1 6 10 7 13 14 11
5 8 12 6 15 2 11 1 13 3 14 4 9 10 7
2 13 15 9 6 11 3 12 10 8 5 7 4 14 1
4 3 13 7 6 2 11 14 5 9 15 12 1 10 8
13 7 12 4 14 8 6 15 3 5 2 1 10 11 9
1 6 3 13 5 9 10 7 14 15 4 2 12 8 11
4 5 2 6 11 1 9 14 3 8 15 13 12 10 7
15 9 13 11 12 2 14 6 5 8 10 3 1 4 7
4 13 3 15 9 2 14 7 10 6 12 8 11 1 5
13 10 3 5 4 6 2 7 12 15 1 14 9 11 8
11 3 15 6 1 5 8 12 4 10 2 9 7 13 14
8 11 7 9 6 4 14 5 1 3 12 13 10 2 15
8 2 6 9 1 5 12 7 11 15 10 4 3 14 13
1 4 12 9 8 13 10 14 15 6 11 2 5 3 7
1 13 12 10 11 2 6 3 15 5 8 9 14 7 4
14 12 2 11 3 13 10 7 8 5 9 4 1 6 15
7 6 5 8 10 14 15 9 1 12 11 13 2 3 4
4 13 8 14 5 2 6 1 10 7 12 11 3 9 15
11 5 1 4 14 10 2 3 13 6 15 8 7 9 12
7 1 14 8 4 2 9 3 5 10 6 13 15 11 12
9 8 6 14 1 13 3 11 15 7 12 10 5 4 2
3 10 15 8 9 1 7 12 11 6 5 4 14 2 13
9 15 6 2 7 12 3 8 10 1 13 14 5 4 11
13 9 4 8 2 3 11 10 7 5 14 1 15 6 12
13 9 5 3 10 2 14 11 4 8 6 15 1 12 7
4 2 12 10 6 13 1 3 11 8 5 15 14 9 7
7 3 6 2 9 10 14 13 15 5 12 11 1 4 8
2 10 1 4 6 8 13 15 9 12 14 11 5 3 7
8 7 12 15 6 13 4 3 14 9 11 2 1 10 5
13 1 3 7 6 14 5 2 15 11 4 12 8 9 10
1 6 4 9 12 3 11 5 15 2 10 8 7 14 13
10 9 3 4 13 6 14 1 8 15 12 5 2 7 11
10 11 8 3 1 15 4 6 7 2 9 12 14 13 5
11 1 2 15 6 14 8 9 4 13 7 12 3 5 10
13 14 8 3 15 12 6 2 11 4 9 5 10 1 7
6 2 14 12 10 13 1 8 7 4 9 3 15 11 5
6 1 7 11 12 15 3 2 9 13 4 5 14 8 10
9 12 7 8 1 14 15 13 5 3 11 2 6 10 4
1 3 14 4 2 8 6 11 10 15 13 12 9 7 5
2 12 1 3 7 8 11 15 10 14 9 6 5 13 4
3 8 15 9 2 4 5 12 1 6 10 7 13 14 11
5 8 12 6 15 2 11 1 13 3 14 4 9 10 7
2 13 15 9 6 11 3 12 10 8 5 7 4 14 1
4 3 13 7 6 2 11 14 5 9 15 12 1 10 8
13 7 12 4 14 8 6 15 3 5 2 1 10 11 9
1 6 3 13 5 9 10 7 14 15 4 2 12 8 11
4 5 2 6 11 1 9 14 3 8 15 13 12 10 7
15 9 13 11 12 2 14 6 5 8 10 3 1 4 7
4 13 3 15 9 2 14 7 10 6 12 8 11 1 5
13 10 3 5 4 6 2 7 12 15 1 14 9 11 8
11 3 15 6 1 5 8 12 4 10 2 9 7 13 14
8 11 7 9 6 4 14 5 1 3 12 13 10 2 15
8 2 6 9 1 5 12 7 11 15 10 4 3 14 13
1 4 12 9 8 13 10 14 15 6 11 2 5 3 7
1 13 12 10 11 2 6 3 15 5 8 9 14 7 4
14 12 2 11 3 13 10 7 8 5 9 4 1 6 15
7 6 5 8 10 14 15 9 1 12 11 13 2 3 4
4 13 8 14 5 2 6 1 10 7 12 11 3 9 15
11 5 1 4 14 10 2 3 13 6 15 8 7 9 12
7 1 14 8 4 2 9 3 5 10 6 13 15 11 12
9 8 6 14 1 13 3 11 15 7 12 10 5 4 2
3 10 15 8 9 1 7 12 11 6 5 4 14 2 13
9 15 6 2 7 12 3 8 10 1 13 14 5 4 11
13 9 4 8 2 3 11 10 7 5 14 1 15 6 12
13 9 5 3 10 2 14 11 4 8 6 15 1 12 7
4 2 12 10 6 13 1 3 11 8 5 15 14 9 7
7 3 6 2 9 10 14 13 15 5 12 11 1 4 8
2 10 1 4 6 8 13 15 9 12 14 11 5 3 7
8 7 12 15 6 13 4 3 14 9 11 2 1 10 5
13 1 3 7 6 14 5 2 15 11 4 12 8 9 10
1 6 4 9 12 3 11 5 15 2 10 8 7 14 13
10 9 3 4 13 6 14 1 8 15 12 5 2 7 11
10 11 8 3 1 15 4 6 7 2 9 12 14 13 5
11 1 2 15 6 14 8 9 4 13 7 12 3 5 10
13 14 8 3 15 12 6 2 11 4 9 5 10 1 7
6 2 14 12 10 13 1 8 7 4 9 3 15 11 5
6 1 7 11 12 15 3 2 9 13 4 5 14 8 10
9 12 7 8 1 14 15 13 5 3 11 2 6 10 4
1 3 14 4 2 8 6 11 10 15 13 12 9 7 5
2 12 1 3 7 8 11 15 10 14 9 6 5 13 4
3 8 15 9 2 4 5 12 1 6 10 7 13 14 11
5 8 12 6 15 2 11 1 13 3 14 4 9 10 7
2 13 15 9 6 11 3 12 10 8 5 7 4 14 1
4 3 13 7 6 2 11 14 5 9 15 12 1 10 8
13 7 12 4 14 8 6 15 3 5 2 1 10 11 9
1 6 3 13 5 9 10 7 14 15 4 2 12 8 11
4 5 2 6 11 1 9 14 3 8 15 13 12 10 7
15 9 13 11 12 2 14 6 5 8 10 3 1 4 7
4 13 3 15 9 2 14 7 10 6 12 8 11 1 5
13 10 3 5 4 6 2 7 12 15 1 14 9 11 8
11 3 15 6 1 5 8 12 4 10 2 9 7 13 14
8 11 7 9 6 4 14 5 1 3 12 13 10 2 15
8 2 6 9 1 5 12 7 11 15 10 4 3 14 13
1 4 12 9 8 13 10 14 15 6 11 2 5 3 7
1 13 12 10 11 2 6 3 15 5 8 9 14 7 4
14 12 2 11 3 13 10 7 8 5 9 4 1 6 15
7 6 5 8 10 14 15 9 1 12 11 13 2 3 4
4 13 8 14 5 2 6 1 10 7 12 11 3 9 15
11 5 1 4 14 10 2 3 13 6 15 8 7 9 12
7 1 14 8 4 2 9 3 5 10 6 13 15 11 12
9 8 6 14 1 13 3 11 15 7 12 10 5 4 2
3 10 15 8 9 1 7 12 11 6 5 4 14 2 13
9 15 6 2 7 12 3 8 10 1 13 14 5 4 11
13 9 4 8 2 3 11 10 7 5 14 1 15 6 12
13 9 5 3 10 2 14 11 4 8 6 15 1 12 7
4 2 12 10 6 13 1 3 11 8 5 15 14 9 7
7 3 6 2 9 10 14 13 15 5 12 11 1 4 8
2 10 1 4 6 8 13 15 9 12 14 11 5 3 7
8 7 12 15 6 13 4 3 14 9 11 2 1 10 5
13 1 3 7 6 14 5 2 15 11 4 12 8 9 10
1 6 4 9 12 3 11 5 15 2 10 8 7 14 13
10 9 3 4 13 6 14 1 8 15 12 5 2 7 11
10 11 8 3 1 15 4 6 7 2 9 12 14 13 5
11 1 2 15 6 14 8 9 4 13 7 12 3 5 10
13 14 8 3 15 12 6 2 11 4 9 5 10 1 7
6 2 14 12 10 13 1 8 7 4 9 3 15 11 5
6 1 7 11 12 15 3 2 9 13 4 5 14 8 10
9 12 7 8 1 14 15 13 5 3 11 2 6 10 4
1 3 14 4 2 8 6 11 10 15 13 12 9 7 5
2 12 1 3 7 8 11 15 10 14 9 6 5 13 4
3 8 15 9 2 4 5 12 1 6 10 7 13 14 11
5 8 12 6 15 2 11 1 13 3 14 4 9 10 7
2 13 15 9 6 11 3 12 10 8 5 7 4 14 1
4 3 13 7 6 2 11 14 5 9 15 12 1 10 8
13 7 12 4 14 8 6 15 3 5 2 1 10 11 9
1 6 3 13 5 9 10 7 14 15 4 2 12 8 11
4 5 2 6 11 1 9 14 3 8 15 13 12 10 7
15 9 13 11 12 2 14 6 5 8 10 3 1 4 7
4 13 3 15 9 2 14 7 10 6 12 8 11 1 5
13 10 3 5 4 6 2 7 12 15 1 14 9 11 8
11 3 15 6 1 5 8 12 4 10 2 9 7 13 14
8 11 7 9 6 4 14 5 1 3 12 13 10 2 15
8 2 6 9 1 5 12 7 11 15 10 4 3 14 13
1 4 12 9 8 13 10 14 15 6 11 2 5 3 7
1 13 12 10 11 2 6 3 15 5 8 9 14 7 4
14 12 2 11 3 13 10 7 8 5 9 4 1 6 15
7 6 5 8 10 14 15 9 1 12 11 13 2 3 4
4 13 8 14 5 2 6 1 10 7 12 11 3 9 15
11 5 1 4 14 10 2 3 13 6 15 8 7 9 12
7 1 14 8 4 2 9 3 5 10 6 13 15 11 12
9 8 6 14 1 13 3 11 15 7 12 10 5 4 2
3 10 15 8 9 1 7 12 11 6 5 4 14 2 13
9 15 6 2 7 12 3 8 10 1 13 14 5 4 11
13 9 4 8 2 3 11 10 7 5 14 1 15 6 12
13 9 5 3 10 2 14 11 4 8 6 15 1 12 7
4 2 12 10 6 13 1 3 11 8 5 15 14 9 7
7 3 6 2 9 10 14 13 15 5 12 11 1 4 8
2 10 1 4 6 8 13 15 9 12 14 11 5 3 7
8 7 12 15 6 13 4 3 14 9 11 2 1 10 5
13 1 3 7 6 14 5 2 15 11 4 12 8 9 10
1 6 4 9 12 3 11 5 15 2 10 8 7 14 13
10 9 3 4 13 6 14 1 8 15 12 5 2 7 11
10 11 8 3 1 15 4 6 7 2 9 12 14 13 5
11 1 2 15 6 14 8 9 4 13 7 12 3 5 10
13 14 8 3 15 12 6 2 11 4 9 5 10 1 7
6 2 14 12 10 13 1 8 7 4 9 3 15 11 5
6 1 7 11 12 15 3 2 9 13 4 5 14 8 10
9 12 7 8 1 14 15 13 5 3 11 2 6 10 4
1 3 14 4 2 8 6 11 10 15 13 12 9 7 5
2 12 1 3 7 8 11 15 10 14 9 6 5 13 4
3 8 15 9 2 4 5 12 1 6 10 7 13 14 11
5 8 12 6 15 2 11 1 13 3 14 4 9 10 7
2 13 15 9 6 11 3 12 10 8 5 7 4 14 1
4 3 13 7 6 2 11 14 5 9 15 12 1 10 8
13 7 12 4 14 8 6 15 3 5 2 1 10 11 9
1 6 3 13 5 9 10 7 14 15 4 2 12 8 11
4 5 2 6 11 1 9 14 3 8 15 13 12 10 7
15 9 13 11 12 2 14 6 5 8 10 3 1 4 7
4 13 3 15 9 2 14 7 10 6 12 8 11 1 5
13 10 3 5 4 6 2 7 12 15 1 14 9 11 8
11 3 15 6 1 5 8 12 4 10 2 9 7 13 14
8 11 7 9 6 4 14 5 1 3 12 13 10 2 15
8 2 6 9 1 5 12 7 11 15 10 4 3 14 13
1 4 12 9 8 13 10 14 15 6 11 2 5 3 7
1 13 12 10 11 2 6 3 15 5 8 9 14 7 4
14 12 2 11 3 13 10 7 8 5 9 4 1 6 15
7 6 5 8 10 14 15 9 1 12 11 13 2 3 4
4 13 8 14 5 2 6 1 10 7 12 11 3 9 15
11 5 1 4 14 10 2 3 13 6 15 8 7 9 12
7 1 14 8 4 2 9 3 5 10 6 13 15 11 12
9 8 6 14 1 13 3 11 15 7 12 10 5 4 2
3 10 15 8 9 1 7 12 11 6 5 4 14 2 13
9 15 6 2 7 12 3 8 10 1 13 14 5 4 11
13 9 4 8 2 3 11 10 7 5 14 1 15 6 12
13 9 5 3 10 2 14 11 4 8 6 15 1 12 7
4 2 12 10 6 13 1 3 11 8 5 15 14 9 7
7 3 6 2 9 10 14 13 15 5 12 11 1 4 8
2 10 1 4 6 8 13 15 9 12 14 11 5 3 7
8 7 12 15 6 13 4 3 14 9 11 2 1 10 5
13 1 3 7 6 14 5 2 15 11 4 12 8 9 10
1 6 4 9 12 3 11 5 15 2 10 8 7 14 13
10 9 3 4 13 6 14 1 8 15 12 5 2 7 11
10 11 8 3 1 15 4 6 7 2 9 12 14 13 5
11 1 2 15 6 14 8 9 4 13 7 12 3 5 10
13 14 8 3 15 12 6 2 11 4 9 5 10 1 7
6 2 14 12 10 13 1 8 7 4 9 3 15 11 5
6 1 7 11 12 15 3 2 9 13 4 5 14 8 10
9 12 7 8 1 14 15 13 5 3 11 2 6 10 4
1 3 14 4 2 8 6 11 10 15 13 12 9 7 5
2 12 1 3 7 8 11 15 10 14 9 6 5 13 4
3 8 15 9 2 4 5 12 1 6 10 7 13 14 11
5 8 12 6 15 2 11 1 13 3 14 4 9 10 7
2 13 15 9 6 11 3 12 10 8 5 7 4 14 1
4 3 13 7 6 2 11 14 5 9 15 12 1 10 8
13 7 12 4 14 8 6 15 3 5 2 1 10 11 9
1 6 3 13 5 9 10 7 14 15 4 2 12 8 11
4 5 2 6 11 1 9 14 3 8 15 13 12 10 7
15 9 13 11 12 2 14 6 5 8 10 3 1 4 7
4 13 3 15 9 2 14 7 10 6 12 8 11 1 5
13 10 3 5 4 6 2 7 12 15 1 14 9 11 8
11 3 15 6 1 5 8 12 4 10 2 9 7 13 14
8 11 7 9 6 4 14 5 1 3 12 13 10 2 15
8 2 6 9 1 5 12 7 11 15 10 4 3 14 13
1 4 12 9 8 13 10 14 15 6 11 2 5 3 7
1 13 12 10 11 2 6 3 15 5 8 9 14 7 4
14 12 2 11 3 13 10 7 8 5 9 4 1 6 15
7 6 5 8 10 14 15 9 1 12 11 13 2 3 4
4 13 8 14 5 2 6 1 10 7 12 11 3 9 15
11 5 1 4 14 10 2 3 13 6 15 8 7 9 12
7 1 14 8 4 2 9 3 5 10 6 13 15 11 12
9 8 6 14 1 13 3 11 15 7 12 10 5 4 2
3 10 15 8 9 1 7 12 11 6 5 4 14 2 13
9 15 6 2 7 12 3 8 10 1 13 14 5 4 11
13 9 4 8 2 3 11 10 7 5 14 1 15 6 12
13 9 5 3 10 2 14 11 4 8 6 15 1 12 7
4 2 12 10 6 13 1 3 11 8 5 15 14 9 7
7 3 6 2 9 10 14 13 15 5 12 11 1 4 8
2 10 1 4 6 8 13 15 9 12 14 11 5 3 7
8 7 12 15 6 13 4 3 14 9 11 2 1 10 5
13 1 3 7 6 14 5 2 15 11 4 12 8 9 10
1 6 4 9 12 3 11 5 15 2 10 8 7 14 13
10 9 3 4 13 6 14 1 8 15 12 5 2 7 11
10 11 8 3 1 15 4 6 7 2 9 12 14 13 5
11 1 2 15 6 14 8 9 4 13 7 12 3 5 10
13 14 8 3 15 12 6 2 11 4 9 5 10 1 7
6 2 14 12 10 13 1 8 7 4 9 3 15 11 5
6 1 7 11 12 15 3 2 9 13 4 5 14 8 10
9 12 7 8 1 14 15 13 5 3 11 2 6 10 4
1 3 14 4 2 8 6 11 10 15 13 12 9 7 5
2 12 1 3 7 8 11 15 10 14 9 6 5 13 4
3 8 15 9 2 4 5 12 1 6 10 7 13 14 11
5 8 12 6 15 2 11 1 13 3 14 4 9 10 7
2 13 15 9 6 11 3 12 10 8 5 7 4 14 1
4 3 13 7 6 2 11 14 5 9 15 12 1 10 8
13 7 12 4 14 8 6 15 3 5 2 1 10 11 9
1 6 3 13 5 9 10 7 14 15 4 2 12 8 11
4 5 2 6 11 1 9 14 3 8 15 13 12 10 7
15 9 13 11 12 2 14 6 5 8 10 3 1 4 7
4 13 3 15 9 2 14 7 10 6 12 8 11 1 5
13 10 3 5 4 6 2 7 12 15 1 14 9 11 8
11 3 15 6 1 5 8 12 4 10 2 9 7 13 14
8 11 7 9 6 4 14 5 1 3 12 13 10 2 15
8 2 6 9 1 5 12 7 11 15 10 4 3 14 13
1 4 12 9 8 13 10 14 15 6 11 2 5 3 7
1 13 12 10 11 2 6 3 15 5 8 9 14 7 4
14 12 2 11 3 13 10 7 8 5 9 4 1 6 15
7 6 5 8 10 14 15 9 1 12 11 13 2 3 4
4 13 8 14 5 2 6 1 10 7 12 11 3 9 15
11 5 1 4 14 10 2 3 13 6 15 8 7 9 12
7 1 14 8 4 2 9 3 5 10 6 13 15 11 12
9 8 6 14 1 13 3 11 15 7 12 10 5 4 2
3 10 15 8 9 1 7 12 11 6 5 4 14 2 13
9 15 6 2 7 12 3 8 10 1 13 14 5 4 11
13 9 4 8 2 3 11 10 7 5 14 1 15 6 12
13 9 5 3 10 2 14 11 4 8 6 15 1 12 7
4 2 12 10 6 13 1 3 11 8 5 15 14 9 7
7 3 6 2 9 10 14 13 15 5 12 11 1 4 8
2 10 1 4 6 8 13 15 9 12 14 11 5 3 7
8 7 12 15 6 13 4 3 14 9 11 2 1 10 5
13 1 3 7 6 14 5 2 15 11 4 12 8 9 10
1 6 4 9 12 3 11 5 15 2 10 8 7 14 13
10 9 3 4 13 6 14 1 8 15 12 5 2 7 11
10 11 8 3 1 15 4 6 7 2 9 12 14 13 5
11 1 2 15 6 14 8 9 4 13 7 12 3 5 10
13 14 8 3 15 12 6 2 11 4 9 5 10 1 7
6 2 14 12 10 13 1 8 7 4 9 3 15 11 5
6 1 7 11 12 15 3 2 9 13 4 5 14 8 10
9 12 7 8 1 14 15 13 5 3 11 2 6 10 4
1 3 14 4 2 8 6 11 10 15 13 12 9 7 5
2 12 1 3 7 8 11 15 10 14 9 6 5 13 4
3 8 15 9 2 4 5 12 1 6 10 7 13 14 11
5 8 12 6 15 2 11 1 13 3 14 4 9 10 7
2 13 15 9 6 11 3 12 10 8 5 7 4 14 1
4 3 13 7 6 2 11 14 5 9 15 12 1 10 8
13 7 12 4 14 8 6 15 3 5 2 1 10 11 9
1 6 3 13 5 9 10 7 14 15 4 2 12 8 11
4 5 2 6 11 1 9 14 3 8 15 13 12 10 7
15 9 13 11 12 2 14 6 5 8 10 3 1 4 7
4 13 3 15 9 2 14 7 10 6 12 8 11 1 5
13 10 3 5 4 6 2 7 12 15 1 14 9 11 8
11 3 15 6 1 5 8 12 4 10 2 9 7 13 14
8 11 7 9 6 4 14 5 1 3 12 13 10 2 15
8 2 6 9 1 5 12 7 11 15 10 4 3 14 13
1 4 12 9 8 13 10 14 15 6 11 2 5 3 7
1 13 12 10 11 2 6 3 15 5 8 9 14 7 4
14 12 2 11 3 13 10 7 8 5 9 4 1 6 15
7 6 5 8 10 14 15 9 1 12 11 13 2 3 4
4 13 8 14 5 2 6 1 10 7 12 11 3 9 15
11 5 1 4 14 10 2 3 13 6 15 8 7 9 12
7 1 14 8 4 2 9 3 5 10 6 13 15 11 12
9 8 6 14 1 13 3 11 15 7 12 10 5 4 2
3 10 15 8 9 1 7 12 11 6 5 4 14 2 13
9 15 6 2 7 12 3 8 10 1 13 14 5 4 11
13 9 4 8 2 3 11 10 7 5 14 1 15 6 12
13 9 5 3 10 2 14 11 4 8 6 15 1 12 7
4 2 12 10 6 13 1 3 11 8 5 15 14 9 7
7 3 6 2 9 10 14 13 15 5 12 11 1 4 8
2 10 1 4 6 8 13 15 9 12 14 11 5 3 7
8 7 12 15 6 13 4 3 14 9 11 2 1 10 5
13 1 3 7 6 14 5 2 15 11 4 12 8 9 10
1 6 4 9 12 3 11 5 15 2 10 8 7 14 13
10 9 3 4 13 6 14 1 8 15 12 5 2 7 11
10 11 8 3 1 15 4 6 7 2 9 12 14 13 5
11 1 2 15 6 14 8 9 4 13 7 12 3 5 10
13 14 8 3 15 12 6 2 11 4 9 5 10 1 7
6 2 14 12 10 13 1 8 7 4 9 3 15 11 5
6 1 7 11 12 15 3 2 9 13 4 5 14 8 10
9 12 7 8 1 14 15 13 5 3 11 2 6 10 4
1 3 14 4 2 8 6 11 10 15 13 12 9 7 5
2 12 1 3 7 8 11 15 10 14 9 6 5 13 4
3 8 15 9 2 4 5 12 1 6 10 7 13 14 11
5 8 12 6 15 2 11 1 13 3 14 4 9 10 7
2 13 15 9 6 11 3 12 10 8 5 7 4 14 1
4 3 13 7 6 2 11 14 5 9 15 12 1 10 8
13 7 12 4 14 8 6 15 3 5 2 1 10 11 9
1 6 3 13 5 9 10 7 14 15 4 2 12 8 11
4 5 2 6 11 1 9 14 3 8 15 13 12 10 7
15 9 13 11 12 2 14 6 5 8 10 3 1 4 7
4 13 3 15 9 2 14 7 10 6 12 8 11 1 5
13 10 3 5 4 6 2 7 12 15 1 14 9 11 8
11 3 15 6 1 5 8 12 4 10 2 9 7 13 14
8 11 7 9 6 4 14 5 1 3 12 13 10 2 15
8 2 6 9 1 5 12 7 11 15 10 4 3 14 13
1 4 12 9 8 13 10 14 15 6 11 2 5 3 7
1 13 12 10 11 2 6 3 15 5 8 9 14 7 4
14 12 2 11 3 13 10 7 8 5 9 4 1 6 15
7 6 5 8 10 14 15 9 1 12 11 13 2 3 4
4 13 8 14 5 2 6 1 10 7 12 11 3 9 15
11 5 1 4 14 10 2 3 13 6 15 8 7 9 12
7 1 14 8 4 2 9 3 5 10 6 13 15 11 12
9 8 6 14 1 13 3 11 15 7 12 10 5 4 2
3 10 15 8 9 1 7 12 11 6 5 4 14 2 13
9 15 6 2 7 12 3 8 10 1 13 14 5 4 11
13 9 4 8 2 3 11 10 7 5 14 1 15 6 12
13 9 5 3 10 2 14 11 4 8 6 15 1 12 7
4 2 12 10 6 13 1 3 11 8 5 15 14 9 7
7 3 6 2 9 10 14 13 15 5 12 11 1 4 8
2 10 1 4 6 8 13 15 9 12 14 11 5 3 7
8 7 12 15 6 13 4 3 14 9 11 2 1 10 5
13 1 3 7 6 14 5 2 15 11 4 12 8 9 10
1 6 4 9 12 3 11 5 15 2 10 8 7 14 13
10 9 3 4 13 6 14 1 8 15 12 5 2 7 11
10 11 8 3 1 15 4 6 7 2 9 12 14 13 5
11 1 2 15 6 14 8 9 4 13 7 12 3 5 10
13 14 8 3 15 12 6 2 11 4 9 5 10 1 7
6 2 14 12 10 13 1 8 7 4 9 3 15 11 5
6 1 7 11 12 15 3 2 9 13 4 5 14 8 10
9 12 7 8 1 14 15 13 5 3 11 2 6 10 4
1 3 14 4 2 8 6 11 10 15 13 12 9 7 5
2 12 1 3 7 8 11 15 10 14 9 6 5 13 4
3 8 15 9 2 4 5 12 1 6 10 7 13 14 11
5 8 12 6 15 2 11 1 13 3 14 4 9 10 7
2 13 15 9 6 11 3 12 10 8 5 7 4 14 1
4 3 13 7 6 2 11 14 5 9 15 12 1 10 8
13 7 12 4 14 8 6 15 3 5 2 1 10 11 9
1 6 3 13 5 9 10 7 14 15 4 2 12 8 11
4 5 2 6 11 1 9 14 3 8 15 13 12 10 7
15 9 13 11 12 2 14 6 5 8 10 3 1 4 7
4 13 3 15 9 2 14 7 10 6 12 8 11 1 5
13 10 3 5 4 6 2 7 12 15 1 14 9 11 8
11 3 15 6 1 5 8 12 4 10 2 9 7 13 14
8 11 7 9 6 4 14 5 1 3 12 13 10 2 15
8 2 6 9 1 5 12 7 11 15 10 4 3 14 13
1 4 12 9 8 13 10 14 15 6 11 2 5 3 7
1 13 12 10 11 2 6 3 15 5 8 9 14 7 4
14 12 2 11 3 13 10 7 8 5 9 4 1 6 15
7 6 5 8 10 14 15 9 1 12 11 13 2 3 4
4 13 8 14 5 2 6 1 10 7 12 11 3 9 15
11 5 1 4 14 10 2 3 13 6 15 8 7 9 12
7 1 14 8 4 2 9 3 5 10 6 13 15 11 12
9 8 6 14 1 13 3 11 15 7 12 10 5 4 2
3 10 15 8 9 1 7 12 11 6 5 4 14 2 13
9 15 6 2 7 12 3 8 10 1 13 14 5 4 11
13 9 4 8 2 3 11 10 7 5 14 1 15 6 12
13 9 5 3 10 2 14 11 4 8 6 15 1 12 7
4 2 12 10 6 13 1 3 11 8 5 15 14 9 7
7 3 6 2 9 10 14 13 15 5 12 11 1 4 8
2 10 1 4 6 8 13 15 9 12 14 11 5 3 7
8 7 12 15 6 13 4 3 14 9 11 2 1 10 5
13 1 3 7 6 14 5 2 15 11 4 12 8 9 10
1 6 4 9 12 3 11 5 15 2 10 8 7 14 13
10 9 3 4 13 6 14 1 8 15 12 5 2 7 11
10 11 8 3 1 15 4 6 7 2 9 12 14 13 5
11 1 2 15 6 14 8 9 4 13 7 12 3 5 10
13 14 8 3 15 12 6 2 11 4 9 5 10 1 7
6 2 14 12 10 13 1 8 7 4 9 3 15 11 5
6 1 7 11 12 15 3 2 9 13 4 5 14 8 10
9 12 7 8 1 14 15 13 5 3 11 2 6 10 4
1 3 14 4 2 8 6 11 10 15 13 12 9 7 5
2 12 1 3 7 8 11 15 10 14 9 6 5 13 4
3 8 15 9 2 4 5 12 1 6 10 7 13 14 11
5 8 12 6 15 2 11 1 13 3 14 4 9 10 7
2 13 15 9 6 11 3 12 10 8 5 7 4 14 1
4 3 13 7 6 2 11 14 5 9 15 12 1 10 8
13 7 12 4 14 8 6 15 3 5 2 1 10 11 9
1 6 3 13 5 9 10 7 14 15 4 2 12 8 11
4 5 2 6 11 1 9 14 3 8 15 13 12 10 7
15 9 13 11 12 2 14 6 5 8 10 3 1 4 7
4 13 3 15 9 2 14 7 10 6 12 8 11 1 5
13 10 3 5 4 6 2 7 12 15 1 14 9 11 8
11 3 15 6 1 5 8 12 4 10 2 9 7 13 14
8 11 7 9 6 4 14 5 1 3 12 13 10 2 15
8 2 6 9 1 5 12 7 11 15 10 4 3 14 13
1 4 12 9 8 13 10 14 15 6 11 2 5 3 7
1 13 12 10 11 2 6 3 15 5 8 9 14 7 4
14 12 2 11 3 13 10 7 8 5 9 4 1 6 15
7 6 5 8 10 14 15 9 1 12 11 13 2 3 4
4 13 8 14 5 2 6 1 10 7 12 11 3 9 15
11 5 1 4 14 10 2 3 13 6 15 8 7 9 12
7 1 14 8 4 2 9 3 5 10 6 13 15 11 12
9 8 6 14 1 13 3 11 15 7 12 10 5 4 2
3 10 15 8 9 1 7 12 11 6 5 4 14 2 13
9 15 6 2 7 12 3 8 10 1 13 14 5 4 11
13 9 4 8 2 3 11 10 7 5 14 1 15 6 12
13 9 5 3 10 2 14 11 4 8 6 15 1 12 7
4 2 12 10 6 13 1 3 11 8 5 15 14 9 7
7 3 6 2 9 10 14 13 15 5 12 11 1 4 8
2 10 1 4 6 8 13 15 9 12 14 11 5 3 7
8 7 12 15 6 13 4 3 14 9 11 2 1 10 5
13 1 3 7 6 14 5 2 15 11 4 12 8 9 10
1 6 4 9 12 3 11 5 15 2 10 8 7 14 13
10 9 3 4 13 6 14 1 8 15 12 5 2 7 11
10 11 8 3 1 15 4 6 7 2 9 12 14 13 5
11 1 2 15 6 14 8 9 4 13 7 12 3 5 10
13 14 8 3 15 12 6 2 11 4 9 5 10 1 7
6 2 14 12 10 13 1 8 7 4 9 3 15 11 5
6 1 7 11 12 15 3 2 9 13 4 5 14 8 10
9 12 7 8 1 14 15 13 5 3 11 2 6 10 4
1 3 14 4 2 8 6 11 10 15 13 12 9 7 5
2 12 1 3 7 8 11 15 10 14 9 6 5 13 4
3 8 15 9 2 4 5 12 1 6 10 7 13 14 11
5 8 12 6 15 2 11 1 13 3 14 4 9 10 7
2 13 15 9 6 11 3 12 10 8 5 7 4 14 1
4 3 13 7 6 2 11 14 5 9 15 12 1 10 8
13 7 12 4 14 8 6 15 3 5 2 1 10 11 9
1 6 3 13 5 9 10 7 14 15 4 2 12 8 11
4 5 2 6 11 1 9 14 3 8 15 13 12 10 7
15 9 13 11 12 2 14 6 5 8 10 3 1 4 7
4 13 3 15 9 2 14 7 10 6 12 8 11 1 5
13 10 3 5 4 6 2 7 12 15 1 14 9 11 8
11 3 15 6 1 5 8 12 4 10 2 9 7 13 14
8 11 7 9 6 4 14 5 1 3 12 13 10 2 15
8 2 6 9 1 5 12 7 11 15 10 4 3 14 13
1 4 12 9 8 13 10 14 15 6 11 2 5 3 7
1 13 12 10 11 2 6 3 15 5 8 9 14 7 4
14 12 2 11 3 13 10 7 8 5 9 4 1 6 15
7 6 5 8 10 14 15 9 1 12 11 13 2 3 4
4 13 8 14 5 2 6 1 10 7 12 11 3 9 15
11 5 1 4 14 10 2 3 13 6 15 8 7 9 12
7 1 14 8 4 2 9 3 5 10 6 13 15 11 12
9 8 6 14 1 13 3 11 15 7 12 10 5 4 2
3 10 15 8 9 1 7 12 11 6 5 4 14 2 13
9 15 6 2 7 12 3 8 10 1 13 14 5 4 11
13 9 4 8 2 3 11 10 7 5 14 1 15 6 12
13 9 5 3 10 2 14 11 4 8 6 15 1 12 7
4 2 12 10 6 13 1 3 11 8 5 15 14 9 7
7 3 6 2 9 10 14 13 15 5 12 11 1 4 8
2 10 1 4 6 8 13 15 9 12 14 11 5 3 7
8 7 12 15 6 13 4 3 14 9 11 2 1 10 5
13 1 3 7 6 14 5 2 15 11 4 12 8 9 10
1 6 4 9 12 3 11 5 15 2 10 8 7 14 13
10 9 3 4 13 6 14 1 8 15 12 5 2 7 11
10 11 8 3 1 15 4 6 7 2 9 12 14 13 5
11 1 2 15 6 14 8 9 4 13 7 12 3 5 10
13 14 8 3 15 12 6 2 11 4 9 5 10 1 7
6 2 14 12 10 13 1 8 7 4 9 3 15 11 5
6 1 7 11 12 15 3 2 9 13 4 5 14 8 10
9 12 7 8 1 14 15 13 5 3 11 2 6 10 4
1 3 14 4 2 8 6 11 10 15 13 12 9 7 5
2 12 1 3 7 8 11 15 10 14 9 6 5 13 4
3 8 15 9 2 4 5 12 1 6 10 7 13 14 11
5 8 12 6 15 2 11 1 13 3 14 4 9 10 7
2 13 15 9 6 11 3 12 10 8 5 7 4 14 1
4 3 13 7 6 2 11 14 5 9 15 12 1 10 8
13 7 12 4 14 8 6 15 3 5 2 1 10 11 9
1 6 3 13 5 9 10 7 14 15 4 2 12 8 11
4 5 2 6 11 1 9 14 3 8 15 13 12 10 7
15 9 13 11 12 2 14 6 5 8 10 3 1 4 7
4 13 3 15 9 2 14 7 10 6 12 8 11 1 5
13 10 3 5 4 6 2 7 12 15 1 14 9 11 8
11 3 15 6 1 5 8 12 4 10 2 9 7 13 14
8 11 7 9 6 4 14 5 1 3 12 13 10 2 15
8 2 6 9 1 5 12 7 11 15 10 4 3 14 13
1 4 12 9 8 13 10 14 15 6 11 2 5 3 7
1 13 12 10 11 2 6 3 15 5 8 9 14 7 4
14 12 2 11 3 13 10 7 8 5 9 4 1 6 15
7 6 5 8 10 14 15 9 1 12 11 13 2 3 4
4 13 8 14 5 2 6 1 10 7 12 11 3 9 15
11 5 1 4 14 10 2 3 13 6 15 8 7 9 12
7 1 14 8 4 2 9 3 5 10 6 13 15 11 12
9 8 6 14 1 13 3 11 15 7 12 10 5 4 2
3 10 15 8 9 1 7 12 11 6 5 4 14 2 13
9 15 6 2 7 12 3 8 10 1 13 14 5 4 11
13 9 4 8 2 3 11 10 7 5 14 1 15 6 12
13 9 5 3 10 2 14 11 4 8 6 15 1 12 7
4 2 12 10 6 13 1 3 11 8 5 15 14 9 7
7 3 6 2 9 10 14 13 15 5 12 11 1 4 8
2 10 1 4 6 8 13 15 9 12 14 11 5 3 7
8 7 12 15 6 13 4 3 14 9 11 2 1 10 5
13 1 3 7 6 14 5 2 15 11 4 12 8 9 10
1 6 4 9 12 3 11 5 15 2 10 8 7 14 13
10 9 3 4 13 6 14 1 8 15 12 5 2 7 11
10 11 8 3 1 15 4 6 7 2 9 12 14 13 5
11 1 2 15 6 14 8 9 4 13 7 12 3 5 10
13 14 8 3 15 12 6 2 11 4 9 5 10 1 7
6 2 14 12 10 13 1 8 7 4 9 3 15 11 5