19

9
Agitated
Apocalypse Please
Ashamed
Assassin
Animals
Big Freeze
Blackout
Bliss
Butterflies & Hurricanes
5 2 1 9 8 4 7 3 6
5 7 4 3 8 6 2 9 1
6 4 5 7 8 1 2 9 3
3 4 6 2 7 8 5 9 1
1 7 8 9 5 6 3 4 2
7 9 1 4 8 6 2 5 3
6 2 8 4 5 7 9 3 1
9 7 3 8 4 1 6 2 5
9 6 1 4 5 2 8 3 7
3 1 6 7 4 9 2 5 8
8 4 2 7 1 9 6 3 5
4 1 3 6 9 7 2 5 8
5 2 6 7 3 4 9 1 8
8 3 2 5 1 9 7 4 6
1 8 7 5 9 3 4 6 2
3 9 8 6 1 7 2 5 4
5 6 1 9 7 4 2 8 3
7 4 6 2 9 3 1 5 8
5 4 8 3 2 7 1 9 6
5 4 9 7 2 8 3 1 6

6
Cave
Citizen Erased
City Of Delusion
Dark Shines
Dead Star
Endlessly
1 5 4 6 3 2
2 6 5 4 1 3
3 4 5 1 2 6
4 5 3 2 6 1
5 6 3 2 1 4
2 3 4 6 5 1
2 3 1 5 6 4
3 6 4 5 1 2
2 3 6 4 1 5
6 3 5 1 2 4

7
Escape
Exo-Politics
Exogenesis: Symphony Part I (Overture)
Exogenesis: Symphony Part II (Cross Pollination)
Exogenesis: Symphony Part III (Redemption)
Explorers
Falling Away With You
7 3 2 4 5 6 1
3 5 6 2 7 1 4
2 7 5 4 3 6 1
2 7 4 1 6 3 5
4 3 2 1 7 6 5
5 4 3 6 2 1 7
2 7 1 4 3 5 6
3 2 7 5 4 6 1
7 3 1 4 5 2 6
6 7 1 2 5 4 3
1 2 4 7 5 3 6
5 2 6 7 3 1 4
3 6 5 1 2 4 7
5 6 4 2 3 7 1
1 7 2 4 5 6 3
5 2 6 7 4 3 1
2 1 4 5 3 7 6
6 4 1 7 5 2 3
2 4 6 5 1 7 3
1 5 4 3 2 7 6
5 2 3 4 7 6 1
4 7 2 3 1 6 5
6 7 3 1 2 4 5
6 1 7 3 2 5 4
2 1 5 7 4 3 6
1 5 2 7 4 6 3
7 4 5 2 6 1 3
3 1 2 6 5 4 7
7 2 5 3 6 4 1
2 3 6 7 5 4 1
2 7 1 6 5 3 4
1 6 3 5 4 2 7
7 5 6 2 4 3 1
6 7 4 2 5 3 1
6 2 3 4 7 5 1
2 7 4 6 1 5 3
6 7 4 2 3 1 5
1 5 7 3 2 4 6
6 2 3 4 5 1 7
3 7 1 5 2 4 6
5 3 2 4 6 7 1
1 4 6 5 3 7 2
3 2 1 6 4 5 7
3 1 5 4 7 2 6
4 7 6 5 2 1 3
3 1 4 2 7 6 5
7 2 4 6 5 3 1
6 2 5 3 7 1 4
5 1 4 3 7 2 6
7 1 3 6 5 2 4
7 5 6 3 4 1 2
1 2 5 7 3 4 6
3 5 7 2 4 6 1
6 2 5 3 7 4 1
7 2 1 4 5 6 3
4 6 2 3 7 5 1
5 4 2 7 3 6 1
3 2 4 1 5 6 7
1 6 5 3 2 4 7
3 6 5 4 2 7 1
1 7 2 5 4 6 3
6 5 2 3 4 7 1
2 1 6 4 5 7 3
5 3 1 2 6 7 4
1 5 6 3 7 2 4
5 1 3 2 6 7 4
4 3 2 5 6 7 1
3 2 6 5 1 7 4
6 1 4 3 7 2 5
4 7 2 5 1 3 6
4 1 5 6 7 2 3
5 3 6 1 2 7 4
2 3 4 6 5 1 7
1 6 3 7 2 5 4
6 2 3 4 1 7 5
1 4 3 2 5 7 6
1 7 4 6 5 3 2
5 1 4 3 2 7 6
5 7 3 2 1 6 4
7 3 5 4 1 2 6
1 5 7 6 3 2 4
7 1 5 6 3 4 2
7 3 4 6 1 2 5
3 7 2 1 6 5 4
4 6 3 1 2 7 5
2 7 1 6 5 3 4
2 6 1 4 5 7 3
1 5 6 4 2 3 7
4 6 1 5 3 2 7
6 4 2 3 1 7 5

3
Falling Down
Feeling Good
Fillip
2 3 1
2 3 1
3 2 1
3 2 1
1 2 3
3 2 1
3 2 1
3 2 1
3 1 2
1 3 2
1 3 2
2 3 1
1 3 2
3 1 2
2 1 3
2 1 3

4
Follow Me
Forced In
Gallery
Guiding Light
1 3 2 4
1 2 4 3
1 2 4 3
2 3 1 4
2 4 3 1
1 3 2 4
4 2 3 1
2 3 4 1
3 2 4 1
2 1 3 4

4
Hate This & I'll Love You
Hoodoo
Hyper Chondriac Music
Hyper Music
1 2 4 3
3 2 4 1
4 2 1 3
2 4 3 1
1 3 4 2
3 1 2 4
4 3 2 1
1 2 3 4

4
Hysteria
I Belong To You (+Mon Coeur S'Ouvre A Ta Voix)
In Your World
Interlude
1 3 2 4
1 2 3 4
1 3 2 4
1 2 3 4
2 3 1 4
3 2 4 1
2 1 4 3
2 4 1 3

2
Intro
Invincible
2 1
1 2
1 2
2 1
2 1
2 1
2 1
2 1
1 2
1 2
1 2
1 2
2 1
2 1
2 1
2 1
2 1
2 1
1 2
2 1
1 2
2 1
1 2
2 1
1 2
2 1
1 2
2 1
1 2
2 1
2 1
2 1
2 1
1 2
2 1
1 2
1 2
2 1
1 2
1 2
2 1
1 2
1 2
1 2
2 1
2 1
2 1
2 1
2 1
1 2
2 1
2 1
2 1
2 1
2 1
1 2
2 1
2 1
2 1
2 1
1 2
1 2
2 1
1 2
1 2
2 1
1 2
2 1
1 2
2 1
2 1
2 1
1 2
2 1
1 2
1 2
1 2
2 1
2 1
1 2
1 2
1 2
1 2
1 2
1 2
2 1
2 1
2 1
2 1
1 2
1 2
2 1
2 1
1 2
1 2
1 2
1 2
1 2
1 2
1 2

4
Knights Of Cydonia
Liquid State
Madness
Map Of The Problematique
2 1 4 3
2 1 4 3
2 3 1 4
2 1 3 4
2 4 3 1
1 4 2 3
2 3 1 4
1 2 3 4
2 3 1 4
1 2 4 3
3 4 1 2
2 3 1 4
4 1 3 2
3 4 2 1

4
Map of Your Head
Megalomania
Micro Cuts
MK Ultra
2 4 3 1
3 4 1 2
2 3 1 4
1 2 4 3
4 2 1 3
2 3 1 4
1 2 3 4
4 1 3 2
1 4 2 3
1 3 2 4
1 2 4 3
2 1 3 4

4
Muscle Museum
Nature_1
New Born
Overdue
3 2 4 1
1 2 3 4
4 2 1 3
4 2 3 1
3 4 1 2
1 3 4 2
4 1 3 2
1 2 3 4
4 3 2 1
3 2 1 4
2 3 1 4
1 2 3 4
1 2 4 3
3 1 4 2

2
Panic Station
Plug in Baby
1 2
1 2
2 1
1 2
1 2
2 1
2 1
2 1
1 2
1 2
2 1
2 1
1 2
2 1
1 2
1 2
2 1
1 2
2 1
2 1
2 1
1 2
1 2
1 2
2 1
1 2
2 1
2 1
1 2
1 2
2 1
1 2
1 2
1 2
1 2
1 2
1 2
1 2
2 1
2 1
1 2
2 1
2 1
2 1
1 2
2 1
2 1
1 2
2 1
2 1
2 1
1 2
2 1
1 2
1 2
1 2
1 2
2 1
1 2

3
Recess
Resistance
Ruled By Secrecy
1 2 3
1 2 3
2 3 1
2 3 1
1 3 2
1 3 2
3 2 1
2 1 3
2 1 3
1 3 2
1 3 2
3 1 2
1 3 2
1 2 3
1 3 2
2 3 1
1 3 2
2 1 3
1 2 3
3 1 2
3 2 1
2 1 3
1 2 3
1 2 3
2 3 1
3 1 2
2 3 1
2 3 1
1 2 3
2 3 1
1 2 3
1 2 3
2 3 1
1 3 2
3 1 2
2 3 1
1 2 3
2 3 1
2 1 3
3 2 1
1 3 2
3 1 2
3 2 1
2 1 3
3 1 2
1 3 2
3 2 1
2 3 1
1 2 3
2 1 3
1 2 3
1 2 3
1 3 2
2 1 3
1 3 2
2 3 1
1 3 2
1 3 2
3 2 1
3 1 2

6
Save Me
Screenager
Shine Acoustic
Showbiz
Shrinking Universe
Sing For Absolution
1 2 5 3 6 4
3 6 2 1 4 5
3 5 2 4 6 1
4 1 2 6 3 5
5 1 4 2 6 3
2 5 6 4 3 1
4 5 6 2 1 3
6 1 2 4 3 5
2 4 6 5 1 3
6 4 5 3 1 2
5 2 6 3 1 4
3 1 4 2 6 5
6 2 3 5 1 4
4 5 3 2 1 6
2 5 3 1 6 4
4 6 1 2 5 3
2 1 4 6 3 5
2 5 4 1 6 3
3 1 6 5 4 2
1 2 3 5 6 4
6 2 5 1 3 4
1 4 6 2 5 3
6 1 4 5 2 3
4 2 6 1 3 5
1 6 3 4 5 2
6 3 5 1 4 2
2 5 3 4 1 6
1 5 4 2 3 6
3 5 6 4 2 1
1 3 2 4 6 5
2 6 5 4 3 1
1 2 3 5 6 4
4 1 6 2 5 3
5 3 4 2 1 6
2 1 5 6 3 4
4 5 6 3 1 2
5 2 6 3 4 1
2 6 1 5 4 3
4 1 6 5 2 3
5 1 3 2 4 6
6 5 3 2 4 1
2 4 3 6 1 5
6 4 5 3 2 1
1 6 3 2 5 4
1 2 5 4 6 3
3 6 5 1 2 4
5 4 2 6 1 3
4 6 2 5 1 3
5 6 2 1 4 3
1 6 5 3 4 2
6 2 4 3 1 5
5 6 3 2 1 4
4 6 2 5 1 3
4 2 6 1 3 5
2 6 5 1 3 4
4 5 1 6 2 3
4 6 3 5 2 1
5 1 6 2 3 4
4 5 2 6 3 1
6 3 2 4 1 5
1 2 5 6 3 4
6 3 4 5 1 2
4 3 1 6 5 2
3 6 5 1 2 4
4 5 2 1 3 6
6 2 4 3 1 5
3 6 5 1 2 4
2 4 3 5 1 6
5 2 1 6 3 4
6 2 1 3 5 4
6 1 5 4 3 2
2 6 1 3 5 4
6 2 5 4 1 3
6 5 3 2 4 1
2 4 6 1 5 3
1 3 6 2 5 4
4 1 3 2 5 6
6 2 3 5 1 4
4 2 1 3 6 5
3 2 4 1 6 5
1 3 6 5 2 4
5 6 2 4 3 1
1 4 2 5 6 3
5 3 1 4 6 2
3 1 6 4 5 2
3 2 4 6 1 5
6 4 2 3 1 5
4 1 2 6 5 3
6 1 3 2 4 5
4 3 2 1 5 6
6 1 5 3 2 4
1 4 3 2 6 5
6 2 3 4 5 1
2 4 3 1 6 5
6 3 5 2 1 4
5 1 4 3 2 6
2 6 5 1 4 3
6 1 4 5 2 3
1 2 3 6 4 5
2 3 5 6 4 1
6 5 2 4 3 1
1 4 2 6 5 3
2 5 6 3 1 4
2 3 6 1 5 4
5 1 3 2 6 4
6 1 3 4 5 2
4 6 2 1 3 5
6 1 3 2 5 4
4 3 6 1 2 5
1 3 4 6 5 2
6 5 1 2 4 3
6 4 3 5 2 1
5 1 2 6 3 4
2 6 3 5 1 4
5 1 6 2 3 4
5 3 2 6 4 1
6 5 2 3 4 1
1 4 6 2 5 3
4 3 6 1 5 2
3 6 4 5 1 2
5 2 1 4 6 3
5 2 1 4 6 3
6 1 5 2 3 4
3 1 2 5 4 6
1 2 5 3 4 6
2 1 3 4 5 6
5 1 3 6 4 2
6 5 4 1 2 3
1 6 3 2 4 5
4 3 1 5 6 2
3 6 1 2 4 5
5 4 1 3 6 2
1 3 4 2 6 5
4 3 6 2 1 5
5 2 3 1 6 4
4 2 6 5 3 1
6 3 1 2 5 4
3 1 5 6 2 4
2 6 4 3 5 1

7
Sober
Soldier's Poem
Space Dementia
Starlight
Stockholm Syndrome
Sunburn
Supermassive Black Hole
3 6 1 4 2 7 5
2 5 7 1 3 6 4
6 2 4 7 3 5 1
4 6 5 3 7 1 2
6 7 5 1 2 4 3
3 1 4 7 5 2 6
6 4 3 1 7 2 5
3 1 4 7 2 5 6
2 5 6 3 7 4 1
7 1 6 2 3 4 5
1 6 5 7 4 3 2
4 5 7 1 6 3 2
6 2 4 1 7 3 5
1 5 2 4 7 3 6
1 2 3 6 7 4 5
6 7 4 5 1 2 3
4 7 3 1 5 2 6
2 1 5 6 7 3 4
6 7 1 3 5 2 4
6 4 5 2 1 3 7
3 1 2 4 5 7 6
4 3 1 5 6 7 2
4 7 6 1 2 3 5
3 2 4 7 6 1 5
4 2 3 7 5 1 6
2 7 5 6 1 3 4
5 2 1 6 3 7 4
1 3 2 5 4 6 7
6 4 3 5 2 7 1
7 4 3 6 5 2 1
7 6 4 2 1 5 3
1 6 2 5 3 4 7
7 1 3 4 6 5 2
3 2 7 1 5 6 4
4 7 6 3 2 1 5
7 2 5 4 1 6 3
4 3 5 7 1 6 2
5 1 4 7 3 2 6
6 4 2 5 3 1 7
5 3 1 7 6 4 2
5 2 3 6 4 7 1
3 4 7 6 5 2 1
7 5 4 6 1 3 2
4 5 7 1 6 2 3
6 1 2 5 4 3 7
5 4 6 7 1 3 2
7 5 2 4 6 3 1
6 5 4 7 1 3 2
3 2 7 1 6 5 4
6 7 4 2 3 1 5
5 2 6 7 1 4 3
2 5 7 3 6 4 1
7 3 5 4 2 1 6
3 4 7 5 1 6 2
4 1 7 6 3 2 5
1 4 2 5 3 6 7
3 1 5 2 4 7 6
2 3 1 5 4 6 7
4 7 6 3 2 5 1
5 1 3 4 2 6 7
5 7 3 2 6 4 1
1 4 5 2 7 6 3
4 6 1 3 2 5 7
5 3 4 1 2 7 6
1 6 7 2 3 4 5
7 3 4 5 6 1 2
7 3 6 1 4 2 5
7 2 3 1 5 6 4
4 7 3 2 6 1 5
4 2 1 5 7 6 3
4 5 3 7 6 1 2
1 2 4 3 6 5 7
7 6 3 4 1 5 2
4 5 1 2 6 7 3
3 2 1 6 5 7 4
2 7 5 1 3 4 6
3 4 2 7 6 1 5
7 1 2 6 3 5 4
6 1 7 2 3 4 5
6 1 2 5 7 4 3
6 1 2 5 4 7 3
6 4 1 7 5 2 3
6 4 3 2 7 5 1
5 1 2 3 7 6 4
5 2 3 6 1 7 4
4 2 1 3 6 5 7
5 4 2 7 6 3 1
3 4 2 7 6 1 5
4 2 6 5 3 7 1
1 6 4 2 3 7 5
5 6 3 2 7 1 4
5 6 7 1 3 4 2
6 1 7 4 5 3 2
5 2 3 7 6 4 1
7 3 5 1 6 4 2
1 7 2 5 3 6 4
3 1 7 4 5 6 2
5 3 1 2 4 6 7
6 1 2 7 5 4 3
7 3 4 2 1 6 5
6 1 3 2 7 4 5
5 1 6 7 4 2 3
7 4 6 5 2 1 3
2 4 7 1 3 6 5
5 1 2 6 7 3 4
2 1 3 5 6 7 4
3 6 7 1 4 5 2
7 5 3 4 2 6 1
2 6 3 4 5 1 7
1 5 2 4 7 6 3
1 4 6 5 2 7 3
2 4 7 3 1 5 6
6 7 5 4 3 1 2
4 3 6 7 5 2 1
3 2 7 4 6 1 5
2 1 3 4 5 6 7
2 7 6 3 1 5 4
3 6 2 7 4 5 1
6 7 5 2 3 1 4
6 7 5 2 1 4 3
7 6 5 2 4 3 1
7 1 5 4 3 6 2
4 3 1 5 6 7 2
5 6 4 7 2 3 1
1 4 5 7 2 6 3
3 4 7 2 6 5 1
6 3 1 4 2 5 7
4 3 1 5 7 6 2
6 4 5 3 1 2 7
1 2 5 4 3 6 7
6 2 5 1 3 4 7
5 2 7 4 6 3 1
6 2 7 1 3 4 5
6 3 2 4 1 5 7
7 4 6 1 2 3 5
1 2 4 7 6 5 3
5 3 6 2 7 4 1
5 6 1 4 3 7 2
3 7 4 6 2 5 1
6 3 5 2 4 1 7
4 6 2 7 3 5 1
7 3 6 4 2 1 5
3 2 5 1 4 7 6
6 3 5 1 7 4 2
4 2 1 3 7 6 5
1 7 6 2 4 3 5
5 2 4 7 1 3 6
5 3 2 7 4 6 1
2 1 7 3 4 5 6
7 6 1 2 5 3 4
1 3 2 4 6 5 7
2 7 4 3 6 1 5
5 3 2 6 7 1 4
5 1 3 6 2 7 4
3 4 5 6 1 2 7
3 5 1 7 4 2 6
7 4 2 5 1 6 3
4 7 3 1 5 6 2
7 3 6 4 5 1 2
5 2 1 7 3 6 4
5 7 1 3 4 2 6
1 4 3 6 2 5 7
2 6 7 3 1 5 4
4 5 1 3 2 6 7
1 2 3 7 5 6 4
3 4 5 1 2 7 6
3 2 1 5 7 6 4
7 2 3 6 1 4 5
5 3 2 4 1 7 6
1 5 2 4 7 6 3
6 7 3 5 1 4 2
6 4 7 2 1 3 5
3 6 7 1 5 4 2
1 3 4 2 6 5 7
5 1 6 2 7 4 3
2 1 3 5 7 4 6
6 3 2 1 5 7 4
2 5 6 1 7 4 3
6 1 3 2 7 4 5
2 5 4 7 1 3 6
6 7 3 2 1 4 5
7 6 5 2 3 4 1
1 3 6 5 2 4 7
3 7 2 6 1 5 4
3 5 4 7 6 1 2
6 4 1 7 2 5 3
6 7 2 4 3 1 5
4 6 1 2 7 3 5
1 3 6 2 4 7 5
2 3 4 5 6 7 1
1 6 3 4 7 2 5
1 7 3 2 4 5 6
4 2 7 5 3 1 6
4 6 5 7 1 3 2
3 5 2 6 1 7 4
5 3 4 1 6 2 7
5 3 4 1 6 2 7
3 6 7 5 1 2 4
7 3 2 4 5 1 6
6 1 7 5 2 4 3
2 3 1 5 7 6 4
5 1 4 3 6 7 2
5 6 1 2 4 7 3
4 1 6 2 3 7 5
3 5 4 1 7 6 2
5 2 4 3 1 6 7
6 4 1 3 5 2 7
2 7 5 4 1 6 3
1 3 6 4 5 2 7
4 7 6 2 1 3 5
7 6 3 1 4 5 2
3 7 2 6 5 1 4
4 5 6 3 7 2 1
6 1 4 7 2 5 3
2 6 7 4 5 3 1
7 4 6 1 5 3 2
4 1 3 5 7 6 2
6 7 3 1 5 4 2
2 4 3 1 7 5 6
7 5 2 4 3 6 1
1 3 5 7 4 6 2
7 3 2 6 5 4 1
2 3 6 7 1 5 4
2 7 1 3 4 5 6
7 2 6 5 3 4 1
4 5 7 3 2 6 1
3 5 1 6 4 7 2
4 3 5 7 2 6 1
5 4 7 1 3 2 6
2 7 1 6 5 3 4
3 6 1 7 5 2 4
7 4 1 6 3 2 5
5 2 7 4 3 6 1
5 4 6 3 7 2 1
1 7 6 4 3 5 2
7 3 2 4 5 6 1
4 5 3 2 6 1 7
2 4 7 3 6 5 1
5 6 7 4 1 3 2
4 5 1 7 6 2 3
2 4 1 6 7 3 5
5 2 3 4 6 7 1
6 2 3 7 5 1 4
1 3 4 7 5 2 6
3 1 7 2 5 6 4
7 6 4 2 3 1 5
3 4 7 2 1 6 5
6 3 5 1 4 2 7
6 4 2 3 5 7 1
5 1 4 3 2 6 7
1 3 6 4 2 7 5
5 7 3 4 2 1 6
6 3 4 7 1 5 2
4 2 1 7 6 3 5
4 5 6 2 3 7 1
7 5 2 6 4 3 1
5 2 3 1 6 7 4
4 1 7 5 3 2 6
3 2 1 6 4 7 5
2 7 4 3 6 5 1
2 4 1 7 5 3 6
7 4 2 6 1 5 3
2 1 3 5 6 7 4
1 4 2 6 5 7 3
6 4 1 2 5 7 3
3 2 5 1 4 7 6
4 3 5 1 6 7 2
3 6 1 2 7 5 4
6 1 7 4 3 2 5
4 3 5 2 6 1 7
4 7 2 6 1 3 5
4 1 3 2 7 6 5
2 4 6 7 1 3 5
6 4 5 1 7 2 3
3 5 7 4 6 2 1
2 4 7 3 1 6 5
7 4 5 1 2 3 6
3 5 7 2 1 4 6
5 2 4 1 7 6 3
1 7 3 2 6 4 5
4 3 6 1 5 7 2
5 4 3 6 1 2 7
6 7 4 2 5 3 1
2 6 1 5 3 4 7
1 4 6 2 5 3 7
5 7 6 3 1 2 4
1 7 6 2 4 5 3
5 6 7 3 2 4 1
3 4 6 2 1 5 7
2 1 4 7 5 3 6
3 7 6 4 5 2 1
3 2 1 7 6 4 5
4 3 6 1 7 5 2
6 1 4 2 7 3 5
6 2 5 1 7 4 3
5 3 7 4 1 6 2
7 1 6 5 2 4 3
6 4 2 5 1 3 7
7 6 5 2 4 3 1
6 5 7 3 1 2 4

2
Supremacy
Survival
1 2
2 1
2 1
2 1
2 1
1 2
2 1
1 2
1 2
2 1
2 1
1 2
2 1
2 1
2 1
2 1
1 2
2 1
1 2
2 1
1 2

5
Take A Bow
The 2nd Law: Isolated System
The 2nd Law: Unsustainable
The Small Print
Thougts Of A Dying Atheist
3 4 5 1 2
5 1 3 2 4
1 5 2 4 3
5 3 1 4 2
1 2 4 3 5
2 4 3 1 5
4 3 2 1 5
3 4 1 2 5
1 4 2 3 5
4 5 1 3 2
3 2 5 1 4
4 3 1 5 2
3 4 2 5 1
5 2 4 3 1
4 5 1 2 3
4 2 3 5 1
1 4 2 5 3
4 2 1 3 5
3 5 2 4 1
1 5 2 4 3
4 1 5 2 3
1 5 2 3 4
2 3 4 5 1
3 5 4 2 1
2 5 1 4 3
4 1 3 5 2
2 3 5 1 4
4 2 3 1 5
3 1 4 2 5
1 3 2 4 5
5 3 4 1 2
3 5 2 1 4
2 3 5 4 1
3 4 1 5 2
2 5 3 1 4
4 2 1 5 3
3 2 1 5 4
2 5 4 3 1
5 2 3 1 4
3 1 2 4 5
3 4 1 5 2
2 5 3 1 4
4 1 3 2 5
2 5 1 3 4
1 4 2 3 5
1 5 3 4 2
1 3 4 5 2
1 2 4 3 5
4 2 1 5 3
1 3 2 5 4
3 1 2 5 4
3 1 4 2 5
5 1 3 4 2
4 3 2 5 1
3 2 5 1 4
1 2 4 5 3
3 2 4 1 5
3 5 4 1 2
1 3 2 5 4
4 1 2 3 5
5 3 1 4 2
5 3 2 4 1
1 5 2 3 4
1 4 3 5 2
3 2 1 4 5
5 2 4 3 1
3 4 5 2 1
2 1 3 4 5
5 4 2 1 3
3 4 5 1 2
4 1 5 2 3
4 2 5 3 1
1 5 2 3 4
5 2 4 1 3
2 1 4 3 5
3 5 2 4 1
3 2 1 4 5
5 1 2 4 3
1 2 4 3 5
2 5 1 4 3

4
Time Is Running Out
Undisclosed Desires
Unintended
United States Of Eurasia
2 3 1 4
4 1 3 2
3 4 1 2
1 2 3 4
4 2 3 1
3 2 1 4
4 3 2 1
1 3 4 2

4
Unnatural Selection
Uno
Uprising 
Yes Please
2 1 3 4
2 4 3 1
1 4 2 3
2 3 1 4
