9

1
A
1

4
A
B
C
D
2 1 3 4
2 1 4 3
3 1 4 2
2 1 3 4
2 3 4 1

10
a
b
c
d
e
f
g
h
i
j
1 2 3 4 5 6 7 8 9 10
1 2 3 4 5 6 7 8 9 10

11
a
b
c
d
e
f
g
h
i
j
k
10 2 3 4 5 6 7 8 9 1 11
10 2 3 4 5 6 7 8 9 1 11
10 2 3 4 5 6 7 8 9 1 11
10 2 3 4 5 6 7 8 9 1 11
10 2 3 4 5 6 7 8 9 1 11
10 2 3 4 5 6 7 8 9 1 11
10 2 3 4 5 6 7 8 9 1 11
10 2 3 4 5 6 7 8 9 1 11
10 2 3 4 5 6 7 8 9 1 11
10 2 3 4 5 6 7 8 9 1 11
10 2 3 4 5 6 7 8 9 1 11
10 2 3 4 5 6 7 8 9 1 11
10 2 3 4 5 6 7 8 9 1 11
10 2 3 4 5 6 7 8 9 1 11
10 2 3 4 5 6 7 8 9 1 11
10 2 3 4 5 6 7 8 9 1 11
10 2 3 4 5 6 7 8 9 1 11
10 2 3 4 5 6 7 8 9 1 11
10 2 3 4 5 6 7 8 9 1 11
10 2 3 4 5 6 7 8 9 1 11

3
Batman
Bat man
batman
2 1 3
2 1 3

4
1
2
3
4
2 1 3 4
3 1 2 4
3 1 2 4
4 1 2 3
4 1 2 3
4 1 2 3

20
a
b
c
d
e
f
g
h
i
j
k
l
m
n
o
p
q
r
s
t
1 2 3 4 5 6 7 8 9 10 11 12 13 14 15 16 17 18 19 20

5
1
2
3
4
5
1 2 3 4 5
1 2 3 5 4
1 2 4 3 5
1 2 4 5 3
1 2 5 3 4
1 2 5 4 3
1 3 2 5 4
1 3 2 4 5
1 3 4 5 2
1 3 4 2 5
1 3 5 4 2
1 3 5 2 4
1 4 2 3 5
1 4 2 5 3
1 4 3 2 5
1 4 3 5 2
1 4 5 2 3
1 4 5 3 2
1 5 2 4 3
1 5 2 3 4
1 5 3 4 2
1 5 3 2 4
1 5 4 3 2
1 5 4 2 3
2 1 5 3 4
2 1 5 4 3
2 1 3 5 4
2 1 3 4 5
2 1 4 5 3
2 1 4 3 5
2 3 5 4 1
2 3 5 1 4
2 3 1 4 5
2 3 1 5 4
2 3 4 1 5
2 3 4 5 1
2 4 5 1 3
2 4 5 3 1
2 4 1 5 3
2 4 1 3 5
2 4 3 5 1
2 4 3 1 5
2 5 4 3 1
2 5 4 1 3
2 5 1 3 4
2 5 1 4 3
2 5 3 1 4
2 5 3 4 1
3 1 4 5 2
3 1 4 2 5
3 1 5 4 2
3 1 5 2 4
3 1 2 4 5
3 1 2 5 4
3 2 4 1 5
3 2 4 5 1
3 2 5 1 4
3 2 5 4 1
3 2 1 5 4
3 2 1 4 5
3 4 2 5 1
3 4 2 1 5
3 4 5 2 1
3 4 5 1 2
3 4 1 2 5
3 4 1 5 2
3 5 2 1 4
3 5 2 4 1
3 5 4 1 2
3 5 4 2 1
3 5 1 4 2
3 5 1 2 4
4 1 2 3 5
4 1 2 5 3
4 1 3 2 5
4 1 3 5 2
4 1 5 2 3
4 1 5 3 2
4 2 1 5 3
4 2 1 3 5
4 2 3 5 1
4 2 3 1 5
4 2 5 3 1
4 2 5 1 3
4 3 1 2 5
4 3 1 5 2
4 3 2 1 5
4 3 2 5 1
4 3 5 1 2
4 3 5 2 1
4 5 1 3 2
4 5 1 2 3
4 5 2 3 1
4 5 2 1 3
4 5 3 2 1
4 5 3 1 2
5 1 4 2 3
5 1 4 3 2
5 1 2 4 3
5 1 2 3 4
5 1 3 4 2
5 1 3 2 4
5 2 4 3 1
5 2 4 1 3
5 2 1 3 4
5 2 1 4 3
5 2 3 1 4
5 2 3 4 1
5 3 4 1 2
5 3 4 2 1
5 3 1 4 2
5 3 1 2 4
5 3 2 4 1
5 3 2 1 4
5 4 3 2 1
5 4 3 1 2
5 4 1 2 3
5 4 1 3 2
5 4 2 1 3
5 4 2 3 1

6
A
B
C
D
E
F
1 2 3 4 5 6
1 2 3 4 6 5
1 2 3 5 4 6
1 2 3 5 6 4
1 2 3 6 4 5
1 2 3 6 5 4
1 2 4 3 6 5
1 2 4 3 5 6
1 2 4 5 6 3
1 2 4 5 3 6
1 2 4 6 5 3
1 2 4 6 3 5
1 2 5 3 4 6
1 2 5 3 6 4
1 2 5 4 3 6
1 2 5 4 6 3
1 2 5 6 3 4
1 2 5 6 4 3
1 2 6 3 5 4
1 2 6 3 4 5
1 2 6 4 5 3
1 2 6 4 3 5
1 2 6 5 4 3
1 2 6 5 3 4
1 3 2 6 4 5
1 3 2 6 5 4
1 3 2 4 6 5
1 3 2 4 5 6
1 3 2 5 6 4
1 3 2 5 4 6
1 3 4 6 5 2
1 3 4 6 2 5
1 3 4 2 5 6
1 3 4 2 6 5
1 3 4 5 2 6
1 3 4 5 6 2
1 3 5 6 2 4
1 3 5 6 4 2
1 3 5 2 6 4
1 3 5 2 4 6
1 3 5 4 6 2
1 3 5 4 2 6
1 3 6 5 4 2
1 3 6 5 2 4
1 3 6 2 4 5
1 3 6 2 5 4
1 3 6 4 2 5
1 3 6 4 5 2
1 4 2 5 6 3
1 4 2 5 3 6
1 4 2 6 5 3
1 4 2 6 3 5
1 4 2 3 5 6
1 4 2 3 6 5
1 4 3 5 2 6
1 4 3 5 6 2
1 4 3 6 2 5
1 4 3 6 5 2
1 4 3 2 6 5
1 4 3 2 5 6
1 4 5 3 6 2
1 4 5 3 2 6
1 4 5 6 3 2
1 4 5 6 2 3
1 4 5 2 3 6
1 4 5 2 6 3
1 4 6 3 2 5
1 4 6 3 5 2
1 4 6 5 2 3
1 4 6 5 3 2
1 4 6 2 5 3
1 4 6 2 3 5
1 5 2 3 4 6
1 5 2 3 6 4
1 5 2 4 3 6
1 5 2 4 6 3
1 5 2 6 3 4
1 5 2 6 4 3
1 5 3 2 6 4
1 5 3 2 4 6
1 5 3 4 6 2
1 5 3 4 2 6
1 5 3 6 4 2
1 5 3 6 2 4
1 5 4 2 3 6
1 5 4 2 6 3
1 5 4 3 2 6
1 5 4 3 6 2
1 5 4 6 2 3
1 5 4 6 3 2
1 5 6 2 4 3
1 5 6 2 3 4
1 5 6 3 4 2
1 5 6 3 2 4
1 5 6 4 3 2
1 5 6 4 2 3
1 6 2 5 3 4
1 6 2 5 4 3
1 6 2 3 5 4
1 6 2 3 4 5
1 6 2 4 5 3
1 6 2 4 3 5
1 6 3 5 4 2
1 6 3 5 2 4
1 6 3 2 4 5
1 6 3 2 5 4
1 6 3 4 2 5
1 6 3 4 5 2
1 6 4 5 2 3
1 6 4 5 3 2
1 6 4 2 5 3
1 6 4 2 3 5
1 6 4 3 5 2
1 6 4 3 2 5
1 6 5 4 3 2
1 6 5 4 2 3
1 6 5 2 3 4
1 6 5 2 4 3
1 6 5 3 2 4
1 6 5 3 4 2
2 1 6 4 5 3
2 1 6 4 3 5
2 1 6 5 4 3
2 1 6 5 3 4
2 1 6 3 4 5
2 1 6 3 5 4
2 1 3 4 6 5
2 1 3 4 5 6
2 1 3 5 6 4
2 1 3 5 4 6
2 1 3 6 5 4
2 1 3 6 4 5
2 1 4 3 5 6
2 1 4 3 6 5
2 1 4 5 3 6
2 1 4 5 6 3
2 1 4 6 3 5
2 1 4 6 5 3
2 1 5 3 6 4
2 1 5 3 4 6
2 1 5 4 6 3
2 1 5 4 3 6
2 1 5 6 4 3
2 1 5 6 3 4
2 3 6 1 4 5
2 3 6 1 5 4
2 3 6 4 1 5
2 3 6 4 5 1
2 3 6 5 1 4
2 3 6 5 4 1
2 3 1 6 5 4
2 3 1 6 4 5
2 3 1 4 5 6
2 3 1 4 6 5
2 3 1 5 4 6
2 3 1 5 6 4
2 3 4 6 1 5
2 3 4 6 5 1
2 3 4 1 6 5
2 3 4 1 5 6
2 3 4 5 6 1
2 3 4 5 1 6
2 3 5 6 4 1
2 3 5 6 1 4
2 3 5 1 4 6
2 3 5 1 6 4
2 3 5 4 1 6
2 3 5 4 6 1
2 4 6 5 1 3
2 4 6 5 3 1
2 4 6 1 5 3
2 4 6 1 3 5
2 4 6 3 5 1
2 4 6 3 1 5
2 4 1 5 3 6
2 4 1 5 6 3
2 4 1 6 3 5
2 4 1 6 5 3
2 4 1 3 6 5
2 4 1 3 5 6
2 4 3 5 6 1
2 4 3 5 1 6
2 4 3 6 5 1
2 4 3 6 1 5
2 4 3 1 5 6
2 4 3 1 6 5
2 4 5 3 1 6
2 4 5 3 6 1
2 4 5 6 1 3
2 4 5 6 3 1
2 4 5 1 6 3
2 4 5 1 3 6
2 5 6 3 4 1
2 5 6 3 1 4
2 5 6 4 3 1
2 5 6 4 1 3
2 5 6 1 3 4
2 5 6 1 4 3
2 5 1 3 6 4
2 5 1 3 4 6
2 5 1 4 6 3
2 5 1 4 3 6
2 5 1 6 4 3
2 5 1 6 3 4
2 5 3 1 4 6
2 5 3 1 6 4
2 5 3 4 1 6
2 5 3 4 6 1
2 5 3 6 1 4
2 5 3 6 4 1
2 5 4 1 6 3
2 5 4 1 3 6
2 5 4 3 6 1
2 5 4 3 1 6
2 5 4 6 3 1
2 5 4 6 1 3
2 6 5 1 3 4
2 6 5 1 4 3
2 6 5 3 1 4
2 6 5 3 4 1
2 6 5 4 1 3
2 6 5 4 3 1
2 6 1 5 4 3
2 6 1 5 3 4
2 6 1 3 4 5
2 6 1 3 5 4
2 6 1 4 3 5
2 6 1 4 5 3
2 6 3 5 1 4
2 6 3 5 4 1
2 6 3 1 5 4
2 6 3 1 4 5
2 6 3 4 5 1
2 6 3 4 1 5
2 6 4 5 3 1
2 6 4 5 1 3
2 6 4 1 3 5
2 6 4 1 5 3
2 6 4 3 1 5
2 6 4 3 5 1
3 1 5 4 6 2
3 1 5 4 2 6
3 1 5 6 4 2
3 1 5 6 2 4
3 1 5 2 4 6
3 1 5 2 6 4
3 1 6 4 2 5
3 1 6 4 5 2
3 1 6 5 2 4
3 1 6 5 4 2
3 1 6 2 5 4
3 1 6 2 4 5
3 1 2 4 5 6
3 1 2 4 6 5
3 1 2 5 4 6
3 1 2 5 6 4
3 1 2 6 4 5
3 1 2 6 5 4
3 1 4 2 6 5
3 1 4 2 5 6
3 1 4 5 6 2
3 1 4 5 2 6
3 1 4 6 5 2
3 1 4 6 2 5
3 2 5 1 4 6
3 2 5 1 6 4
3 2 5 4 1 6
3 2 5 4 6 1
3 2 5 6 1 4
3 2 5 6 4 1
3 2 6 1 5 4
3 2 6 1 4 5
3 2 6 4 5 1
3 2 6 4 1 5
3 2 6 5 4 1
3 2 6 5 1 4
3 2 1 6 4 5
3 2 1 6 5 4
3 2 1 4 6 5
3 2 1 4 5 6
3 2 1 5 6 4
3 2 1 5 4 6
3 2 4 6 5 1
3 2 4 6 1 5
3 2 4 1 5 6
3 2 4 1 6 5
3 2 4 5 1 6
3 2 4 5 6 1
3 4 5 6 1 2
3 4 5 6 2 1
3 4 5 1 6 2
3 4 5 1 2 6
3 4 5 2 6 1
3 4 5 2 1 6
3 4 6 5 2 1
3 4 6 5 1 2
3 4 6 1 2 5
3 4 6 1 5 2
3 4 6 2 1 5
3 4 6 2 5 1
3 4 1 5 6 2
3 4 1 5 2 6
3 4 1 6 5 2
3 4 1 6 2 5
3 4 1 2 5 6
3 4 1 2 6 5
3 4 2 5 1 6
3 4 2 5 6 1
3 4 2 6 1 5
3 4 2 6 5 1
3 4 2 1 6 5
3 4 2 1 5 6
3 5 4 2 6 1
3 5 4 2 1 6
3 5 4 6 2 1
3 5 4 6 1 2
3 5 4 1 2 6
3 5 4 1 6 2
3 5 6 2 1 4
3 5 6 2 4 1
3 5 6 4 1 2
3 5 6 4 2 1
3 5 6 1 4 2
3 5 6 1 2 4
3 5 1 2 4 6
3 5 1 2 6 4
3 5 1 4 2 6
3 5 1 4 6 2
3 5 1 6 2 4
3 5 1 6 4 2
3 5 2 1 6 4
3 5 2 1 4 6
3 5 2 4 6 1
3 5 2 4 1 6
3 5 2 6 4 1
3 5 2 6 1 4
3 6 4 1 2 5
3 6 4 1 5 2
3 6 4 2 1 5
3 6 4 2 5 1
3 6 4 5 1 2
3 6 4 5 2 1
3 6 5 1 4 2
3 6 5 1 2 4
3 6 5 2 4 1
3 6 5 2 1 4
3 6 5 4 2 1
3 6 5 4 1 2
3 6 1 5 2 4
3 6 1 5 4 2
3 6 1 2 5 4
3 6 1 2 4 5
3 6 1 4 5 2
3 6 1 4 2 5
3 6 2 5 4 1
3 6 2 5 1 4
3 6 2 1 4 5
3 6 2 1 5 4
3 6 2 4 1 5
3 6 2 4 5 1
4 1 3 5 6 2
4 1 3 5 2 6
4 1 3 6 5 2
4 1 3 6 2 5
4 1 3 2 5 6
4 1 3 2 6 5
4 1 5 3 2 6
4 1 5 3 6 2
4 1 5 6 2 3
4 1 5 6 3 2
4 1 5 2 6 3
4 1 5 2 3 6
4 1 6 3 5 2
4 1 6 3 2 5
4 1 6 5 3 2
4 1 6 5 2 3
4 1 6 2 3 5
4 1 6 2 5 3
4 1 2 3 6 5
4 1 2 3 5 6
4 1 2 5 6 3
4 1 2 5 3 6
4 1 2 6 5 3
4 1 2 6 3 5
4 2 3 1 5 6
4 2 3 1 6 5
4 2 3 5 1 6
4 2 3 5 6 1
4 2 3 6 1 5
4 2 3 6 5 1
4 2 5 1 6 3
4 2 5 1 3 6
4 2 5 3 6 1
4 2 5 3 1 6
4 2 5 6 3 1
4 2 5 6 1 3
4 2 6 1 3 5
4 2 6 1 5 3
4 2 6 3 1 5
4 2 6 3 5 1
4 2 6 5 1 3
4 2 6 5 3 1
4 2 1 6 5 3
4 2 1 6 3 5
4 2 1 3 5 6
4 2 1 3 6 5
4 2 1 5 3 6
4 2 1 5 6 3
4 3 2 6 1 5
4 3 2 6 5 1
4 3 2 1 6 5
4 3 2 1 5 6
4 3 2 5 6 1
4 3 2 5 1 6
4 3 5 6 2 1
4 3 5 6 1 2
4 3 5 1 2 6
4 3 5 1 6 2
4 3 5 2 1 6
4 3 5 2 6 1
4 3 6 5 1 2
4 3 6 5 2 1
4 3 6 1 5 2
4 3 6 1 2 5
4 3 6 2 5 1
4 3 6 2 1 5
4 3 1 5 2 6
4 3 1 5 6 2
4 3 1 6 2 5
4 3 1 6 5 2
4 3 1 2 6 5
4 3 1 2 5 6
4 5 2 3 6 1
4 5 2 3 1 6
4 5 2 6 3 1
4 5 2 6 1 3
4 5 2 1 3 6
4 5 2 1 6 3
4 5 3 2 1 6
4 5 3 2 6 1
4 5 3 6 1 2
4 5 3 6 2 1
4 5 3 1 6 2
4 5 3 1 2 6
4 5 6 2 3 1
4 5 6 2 1 3
4 5 6 3 2 1
4 5 6 3 1 2
4 5 6 1 2 3
4 5 6 1 3 2
4 5 1 2 6 3
4 5 1 2 3 6
4 5 1 3 6 2
4 5 1 3 2 6
4 5 1 6 3 2
4 5 1 6 2 3
4 6 2 1 3 5
4 6 2 1 5 3
4 6 2 3 1 5
4 6 2 3 5 1
4 6 2 5 1 3
4 6 2 5 3 1
4 6 3 1 5 2
4 6 3 1 2 5
4 6 3 2 5 1
4 6 3 2 1 5
4 6 3 5 2 1
4 6 3 5 1 2
4 6 5 1 2 3
4 6 5 1 3 2
4 6 5 2 1 3
4 6 5 2 3 1
4 6 5 3 1 2
4 6 5 3 2 1
4 6 1 5 3 2
4 6 1 5 2 3
4 6 1 2 3 5
4 6 1 2 5 3
4 6 1 3 2 5
4 6 1 3 5 2
5 1 2 4 6 3
5 1 2 4 3 6
5 1 2 6 4 3
5 1 2 6 3 4
5 1 2 3 4 6
5 1 2 3 6 4
5 1 3 4 2 6
5 1 3 4 6 2
5 1 3 6 2 4
5 1 3 6 4 2
5 1 3 2 6 4
5 1 3 2 4 6
5 1 4 3 6 2
5 1 4 3 2 6
5 1 4 6 3 2
5 1 4 6 2 3
5 1 4 2 3 6
5 1 4 2 6 3
5 1 6 3 2 4
5 1 6 3 4 2
5 1 6 4 2 3
5 1 6 4 3 2
5 1 6 2 4 3
5 1 6 2 3 4
5 2 1 3 4 6
5 2 1 3 6 4
5 2 1 4 3 6
5 2 1 4 6 3
5 2 1 6 3 4
5 2 1 6 4 3
5 2 3 1 6 4
5 2 3 1 4 6
5 2 3 4 6 1
5 2 3 4 1 6
5 2 3 6 4 1
5 2 3 6 1 4
5 2 4 1 3 6
5 2 4 1 6 3
5 2 4 3 1 6
5 2 4 3 6 1
5 2 4 6 1 3
5 2 4 6 3 1
5 2 6 1 4 3
5 2 6 1 3 4
5 2 6 3 4 1
5 2 6 3 1 4
5 2 6 4 3 1
5 2 6 4 1 3
5 3 1 6 2 4
5 3 1 6 4 2
5 3 1 2 6 4
5 3 1 2 4 6
5 3 1 4 6 2
5 3 1 4 2 6
5 3 2 6 4 1
5 3 2 6 1 4
5 3 2 1 4 6
5 3 2 1 6 4
5 3 2 4 1 6
5 3 2 4 6 1
5 3 4 6 1 2
5 3 4 6 2 1
5 3 4 1 6 2
5 3 4 1 2 6
5 3 4 2 6 1
5 3 4 2 1 6
5 3 6 4 2 1
5 3 6 4 1 2
5 3 6 1 2 4
5 3 6 1 4 2
5 3 6 2 1 4
5 3 6 2 4 1
5 4 1 3 6 2
5 4 1 3 2 6
5 4 1 6 3 2
5 4 1 6 2 3
5 4 1 2 3 6
5 4 1 2 6 3
5 4 2 3 1 6
5 4 2 3 6 1
5 4 2 6 1 3
5 4 2 6 3 1
5 4 2 1 6 3
5 4 2 1 3 6
5 4 3 2 6 1
5 4 3 2 1 6
5 4 3 6 2 1
5 4 3 6 1 2
5 4 3 1 2 6
5 4 3 1 6 2
5 1 6 5 3 2
4 1 6 5 2 3
4 1 6 2 3 5
4 1 6 2 5 3
4 1 2 3 6 5
4 1 2 3 5 6
4 1 2 5 6 3
4 1 2 5 3 6
4 1 2 6 5 3
4 1 2 6 3 5
4 2 3 1 5 6
4 2 3 1 6 5
4 2 3 5 1 6
4 2 3 5 6 1
4 2 3 6 1 5
4 2 3 6 5 1
4 2 5 1 6 3
4 2 5 1 3 6
4 2 5 3 6 1
4 2 5 3 1 6
4 2 5 6 3 1
4 2 5 6 1 3
4 2 6 1 3 5
4 2 6 1 5 3
4 2 6 3 1 5
4 2 6 3 5 1
4 2 6 5 1 3
4 2 6 5 3 1
4 2 1 6 5 3
4 2 1 6 3 5
4 2 1 3 5 6
4 2 1 3 6 5
4 2 1 5 3 6
4 2 1 5 6 3
4 3 2 6 1 5
4 3 2 6 5 1
4 3 2 1 6 5
4 3 2 1 5 6
4 3 2 5 6 1
4 3 2 5 1 6
4 3 5 6 2 1
4 3 5 6 1 2
4 3 5 1 2 6
4 3 5 1 6 2
4 3 5 2 1 6
4 3 5 2 6 1
4 3 6 5 1 2
4 3 6 5 2 1
4 3 6 1 5 2
4 3 6 1 2 5
4 3 6 2 5 1
4 3 6 2 1 5
4 3 1 5 2 6
4 3 1 5 6 2
4 3 1 6 2 5
4 3 1 6 5 2
4 3 1 2 6 5
4 3 1 2 5 6
4 5 2 3 6 1
4 5 2 3 1 6
4 5 2 6 3 1
4 5 2 6 1 3
4 5 2 1 3 6
4 5 2 1 6 3
4 5 3 2 1 6
4 5 3 2 6 1
4 5 3 6 1 2
4 5 3 6 2 1
4 5 3 1 6 2
4 5 3 1 2 6
4 5 6 2 3 1
4 5 6 2 1 3
4 5 6 3 2 1
4 5 6 3 1 2
4 5 6 1 2 3
4 5 6 1 3 2
4 5 1 2 6 3
4 5 1 2 3 6
4 5 1 3 6 2
4 5 1 3 2 6
4 5 1 6 3 2
4 5 1 6 2 3
4 6 2 1 3 5
4 6 2 1 5 3
4 6 2 3 1 5
4 6 2 3 5 1
4 6 2 5 1 3
4 6 2 5 3 1
4 6 3 1 5 2
4 6 3 1 2 5
4 6 3 2 5 1
4 6 3 2 1 5
4 6 3 5 2 1
4 6 3 5 1 2
4 6 5 1 2 3
4 6 5 1 3 2
4 6 5 2 1 3
4 6 5 2 3 1
4 6 5 3 1 2
4 6 5 3 2 1
4 6 1 5 3 2
4 6 1 5 2 3
4 6 1 2 3 5
4 6 1 2 5 3
4 6 1 3 2 5
4 6 1 3 5 2
5 1 2 4 6 3
5 1 2 4 3 6
5 1 2 6 4 3
5 1 2 6 3 4
5 1 2 3 4 6
5 1 2 3 6 4
5 1 3 4 2 6
5 1 3 4 6 2
5 1 3 6 2 4
5 1 3 6 4 2
5 1 3 2 6 4
5 1 3 2 4 6
5 1 4 3 6 2
5 1 4 3 2 6
5 1 4 6 3 2
5 1 4 6 2 3
5 1 4 2 3 6
5 1 4 2 6 3
5 1 6 3 2 4
5 1 6 3 4 2
5 1 6 4 2 3
5 1 6 4 3 2
5 1 6 2 4 3
5 1 6 2 3 4
5 2 1 3 4 6
5 2 1 3 6 4
5 2 1 4 3 6
5 2 1 4 6 3
5 2 1 6 3 4
5 2 1 6 4 3
5 2 3 1 6 4
5 2 3 1 4 6
5 2 3 4 6 1
5 2 3 4 1 6
5 2 3 6 4 1
5 2 3 6 1 4
5 2 4 1 3 6
5 2 4 1 6 3
5 2 4 3 1 6
5 2 4 3 6 1
5 2 4 6 1 3
5 2 4 6 3 1
5 2 6 1 4 3
5 2 6 1 3 4
5 2 6 3 4 1
5 2 6 3 1 4
5 2 6 4 3 1
5 2 6 4 1 3
5 3 1 6 2 4
5 3 1 6 4 2
5 3 1 2 6 4
5 3 1 2 4 6
5 3 1 4 6 2
5 3 1 4 2 6
5 3 2 6 4 1
5 3 2 6 1 4
5 3 2 1 4 6
5 3 2 1 6 4
5 3 2 4 1 6
5 3 2 4 6 1
5 3 4 6 1 2
5 3 4 6 2 1
5 3 4 1 6 2
5 3 4 1 2 6
5 3 4 2 6 1
5 3 4 2 1 6
5 3 6 4 2 1
5 3 6 4 1 2
5 3 6 1 2 4
5 3 6 1 4 2
5 3 6 2 1 4
5 3 6 2 4 1
5 4 1 3 6 2
5 4 1 3 2 6
5 4 1 6 3 2
5 4 1 6 2 3
5 4 1 2 3 6
5 4 1 2 6 3
5 4 2 3 1 6
5 4 2 3 6 1
5 4 2 6 1 3
5 4 2 6 3 1
5 4 2 1 6 3
5 4 2 1 3 6
5 4 3 2 6 1
5 4 3 2 1 6
5 4 3 6 2 1
5 4 3 6 1 2
5 4 3 1 2 6
5 4 3 1 6 2
5 4 6 2 1 3
5 4 6 2 3 1
5 4 6 3 1 2
5 4 6 3 2 1
5 4 6 1 3 2
5 4 6 1 2 3
5 6 1 2 3 4
5 6 1 2 4 3
5 6 1 3 2 4
5 6 1 3 4 2
5 6 1 4 2 3
5 6 1 4 3 2
5 6 2 1 4 3
5 6 2 1 3 4
5 6 2 3 4 1
5 6 2 3 1 4
5 6 2 4 3 1
5 6 2 4 1 3
5 6 3 1 2 4
5 6 3 1 4 2
5 6 3 2 1 4
5 6 3 2 4 1
5 6 3 4 1 2
5 6 3 4 2 1
5 6 4 1 3 2
5 6 4 1 2 3
5 6 4 2 3 1
5 6 4 2 1 3
5 6 4 3 2 1
5 6 4 3 1 2
6 1 5 4 2 3
6 1 5 4 3 2
6 1 5 2 4 3
6 1 5 2 3 4
6 1 5 3 4 2
6 1 5 3 2 4
6 1 2 4 3 5
6 1 2 4 5 3
6 1 2 5 3 4
6 1 2 5 4 3
6 1 2 3 5 4
6 1 2 3 4 5
6 1 3 4 5 2
6 1 3 4 2 5
6 1 3 5 4 2
6 1 3 5 2 4
6 1 3 2 4 5
6 1 3 2 5 4
6 1 4 3 2 5
6 1 4 3 5 2
6 1 4 5 2 3
6 1 4 5 3 2
6 1 4 2 5 3
6 1 4 2 3 5
6 2 5 3 4 1
6 2 5 3 1 4
6 2 5 4 3 1
6 2 5 4 1 3
6 2 5 1 3 4
6 2 5 1 4 3
6 2 1 3 5 4
6 2 1 3 4 5
6 2 1 4 5 3
6 2 1 4 3 5
6 2 1 5 4 3
6 2 1 5 3 4
6 2 3 1 4 5
6 2 3 1 5 4
6 2 3 4 1 5
6 2 3 4 5 1
6 2 3 5 1 4
6 2 3 5 4 1
6 2 4 1 5 3
6 2 4 1 3 5
6 2 4 3 5 1
6 2 4 3 1 5
6 2 4 5 3 1
6 2 4 5 1 3
6 3 5 1 2 4
6 3 5 1 4 2
6 3 5 2 1 4
6 3 5 2 4 1
6 3 5 4 1 2
6 3 5 4 2 1
6 3 1 5 4 2
6 3 1 5 2 4
6 3 1 2 4 5
6 3 1 2 5 4
6 3 1 4 2 5
6 3 1 4 5 2
6 3 2 5 1 4
6 3 2 5 4 1
6 3 2 1 5 4
6 3 2 1 4 5
6 3 2 4 5 1
6 3 2 4 1 5
6 3 4 5 2 1
6 3 4 5 1 2
6 3 4 1 2 5
6 3 4 1 5 2
6 3 4 2 1 5
6 3 4 2 5 1
6 4 5 3 1 2
6 4 5 3 2 1
6 4 5 1 3 2
6 4 5 1 2 3
6 4 5 2 3 1
6 4 5 2 1 3
6 4 1 3 2 5
6 4 1 3 5 2
6 4 1 5 2 3
6 4 1 5 3 2
6 4 1 2 5 3
6 4 1 2 3 5
6 4 2 3 5 1
6 4 2 3 1 5
6 4 2 5 3 1
6 4 2 5 1 3
6 4 2 1 3 5
6 4 2 1 5 3
6 4 3 2 1 5
6 4 3 2 5 1
6 4 3 5 1 2
6 4 3 5 2 1
6 4 3 1 5 2
6 4 3 1 2 5
6 5 4 2 3 1
6 5 4 2 1 3
6 5 4 3 2 1
6 5 4 3 1 2
6 5 4 1 2 3
6 5 4 1 3 2
6 5 1 2 4 3
6 5 1 2 3 4
6 5 1 3 4 2
6 5 1 3 2 4
6 5 1 4 3 2
6 5 1 4 2 3
6 5 2 1 3 4
6 5 2 1 4 3
6 5 2 3 1 4
6 5 2 3 4 1
6 5 2 4 1 3
6 5 2 4 3 1
6 5 3 1 4 2
6 5 3 1 2 4
6 5 3 2 4 1
6 5 3 2 1 4
6 5 3 4 2 1
6 5 3 4 1 2
