10

2
329f27c2-fb1f-4498-bbf0-c039a1e8116f
70ab377c-ad97-4319-b4e6-68af7913a0fc
1 2
1 2
2 1
1 2
2 1
1 2
1 2
2 1
2 1
2 1
2 1
2 1
2 1
2 1
2 1
2 1
2 1
2 1
1 2
1 2
1 2
2 1
1 2
2 1
2 1
1 2
2 1
1 2
1 2
1 2
1 2
2 1
1 2
1 2
2 1
1 2
1 2
1 2
2 1
1 2
1 2
2 1
1 2
1 2
2 1
2 1
2 1
2 1
1 2
2 1
1 2
1 2
1 2
1 2
2 1
1 2
2 1
1 2
2 1
1 2
1 2
1 2
1 2
2 1
1 2
2 1
2 1
1 2
1 2
1 2
1 2
1 2
1 2
1 2
1 2
1 2
2 1
2 1
1 2
1 2
2 1
2 1
1 2
2 1
1 2
2 1
2 1
1 2
1 2
2 1
1 2
1 2
2 1
2 1
2 1
2 1
1 2
2 1
1 2
1 2
1 2
1 2
2 1
1 2
1 2
2 1

15
ad763dab-6124-45ad-b516-cde4e03d7160
c2bc8e97-2b23-4f0c-8563-0973ce4ecc90
f4981f6c-1d55-4009-b65d-bf62f88e801a
634e576a-640e-49fa-a706-7b10e85b7018
88e5ac73-e08d-4fc5-bf70-388e1be7acfd
669be25b-a809-4da7-84a5-e7304b94cae2
05d13cfb-d52e-4e3d-abc4-923be80ec2f2
e541e734-1259-4401-8cbc-189d5665e20a
ece0f325-fcec-4096-a996-c5bb3786829f
4725a8d4-9365-49b3-9314-fc158cea7281
c20a3241-8672-4b34-b8ec-016b00a79315
36c4e5ae-aec3-46fd-971b-68f2a22e6ab8
8c6c708d-73d9-4319-aecc-61e2e420c178
6b7edca9-e1f0-49ca-bf26-c4c88dc213bd
c4ddef9b-7cf1-47cb-91bd-3f72758c82ba
11 6 7 5 10 8 14 4 9 2 15 13 12 3 1
2 15 13 1 14 4 11 8 9 3 7 5 6 10 12
5 13 1 6 2 14 10 8 9 15 3 4 11 7 12
12 9 5 10 3 15 7 1 6 4 11 14 2 8 13
12 6 13 11 9 15 1 10 5 8 3 4 14 2 7
14 11 9 6 1 2 5 4 8 12 10 13 7 15 3
14 12 7 3 2 15 5 6 8 10 9 11 4 13 1
13 10 4 6 11 7 9 1 15 5 12 8 3 14 2
5 6 1 12 3 4 14 10 9 2 13 11 15 8 7
7 6 10 5 9 1 14 11 8 3 13 12 15 4 2
9 6 4 7 12 14 10 3 8 15 5 13 1 2 11
15 14 12 11 2 3 4 10 9 7 6 13 1 8 5
8 7 5 12 6 1 10 11 14 3 15 13 9 4 2
5 4 3 11 15 9 12 1 6 7 13 14 8 2 10
4 11 7 15 9 10 13 5 12 1 6 3 2 8 14
7 4 8 12 6 14 2 1 9 13 10 3 15 11 5
4 3 14 15 2 1 12 5 8 9 7 6 13 10 11
10 6 7 11 5 1 14 2 13 9 3 8 12 15 4
11 2 15 10 1 6 3 7 13 5 8 14 9 12 4
13 9 1 3 7 5 6 12 10 2 15 4 8 14 11
4 15 9 6 10 11 7 13 2 5 14 12 8 3 1
2 15 4 9 5 12 3 7 11 1 6 8 10 14 13
12 15 8 11 2 4 13 9 6 1 3 10 5 7 14
13 5 7 15 12 9 3 8 6 4 2 1 10 11 14
10 14 7 9 3 12 5 11 6 4 8 2 13 1 15
6 8 1 10 15 11 13 14 12 5 7 9 3 4 2
14 3 1 11 5 8 6 15 7 2 13 10 9 12 4
7 15 2 1 10 11 4 13 5 14 3 6 12 9 8
3 2 4 1 13 6 10 9 5 14 12 11 8 15 7
2 3 11 6 5 12 1 8 14 13 10 9 7 15 4
11 2 12 5 9 4 13 6 14 10 8 1 7 3 15
11 12 8 6 9 2 10 5 14 15 7 13 1 4 3
6 1 14 7 9 13 15 4 12 3 5 2 11 8 10
10 6 12 5 4 9 2 15 3 1 8 7 13 14 11
1 5 13 7 4 11 15 14 6 12 9 10 3 8 2
12 13 2 15 8 11 10 4 6 14 7 3 5 1 9
5 2 4 7 3 13 14 15 9 12 8 1 10 6 11
3 8 4 15 1 13 2 10 14 11 6 9 5 7 12
14 5 7 4 8 13 3 1 12 6 15 2 10 9 11
2 6 14 13 8 7 12 10 15 4 1 9 5 3 11
8 1 6 14 7 11 13 2 9 12 5 3 4 10 15
11 2 3 5 12 14 13 4 10 8 9 15 1 7 6
13 10 8 15 4 14 1 2 9 5 7 3 11 6 12
5 3 13 14 12 15 11 10 2 4 8 7 9 6 1
2 5 14 15 6 10 8 1 4 11 3 13 9 12 7
11 2 5 15 9 10 1 7 3 13 4 12 14 6 8
3 6 14 4 8 1 11 12 13 7 10 9 2 5 15
13 2 5 15 3 6 11 7 9 14 8 1 10 12 4
8 6 2 5 10 12 7 3 14 4 11 13 15 1 9
3 6 15 12 4 13 1 14 5 8 2 11 7 10 9
10 11 5 1 6 2 8 3 9 12 15 14 13 4 7
10 3 7 6 2 8 9 15 14 4 12 1 11 5 13
4 11 5 7 13 2 10 15 1 9 6 14 3 8 12
13 9 7 6 15 3 2 4 1 8 5 10 14 12 11
8 3 7 10 14 5 2 12 11 4 6 9 15 1 13
14 2 12 11 6 1 8 10 5 3 7 13 15 9 4
8 7 2 5 13 1 10 15 14 6 12 3 9 4 11
13 3 5 4 8 12 11 7 1 2 6 9 14 10 15
12 2 11 9 1 14 3 7 15 6 10 4 13 5 8
2 14 8 13 7 6 4 9 11 12 15 10 5 3 1
13 12 10 15 6 8 9 11 1 2 3 7 5 14 4
12 11 15 13 2 6 7 5 4 9 3 8 14 10 1
4 8 3 2 1 15 7 10 6 14 11 9 5 13 12
3 6 5 15 11 1 13 8 4 2 14 10 7 9 12
10 5 7 3 8 12 13 15 11 2 9 14 6 1 4
11 8 4 3 12 13 2 14 1 6 10 9 15 7 5
11 10 4 15 2 12 3 5 8 9 14 1 7 13 6
7 6 2 12 10 11 8 9 3 4 5 14 13 1 15
13 3 6 10 5 2 9 8 14 7 12 11 4 15 1
13 2 6 10 4 3 8 7 15 5 14 11 1 12 9
9 15 10 1 11 3 8 6 4 5 12 14 7 2 13
8 5 11 3 12 13 7 10 6 15 9 4 2 1 14
13 11 2 6 4 7 15 9 10 1 5 3 12 8 14
13 9 12 1 4 7 2 14 5 15 3 8 6 10 11
10 12 7 5 2 3 9 13 14 6 4 1 15 8 11
11 13 14 6 12 7 3 8 5 2 10 1 4 9 15
4 11 3 8 2 12 1 13 5 14 6 7 15 10 9
3 9 1 10 8 2 15 6 7 13 12 14 11 4 5
10 5 3 11 7 9 1 4 12 15 2 8 6 14 13
5 4 7 10 1 9 8 12 15 13 3 11 6 14 2
9 7 12 14 4 3 11 2 15 8 5 13 1 10 6
5 2 6 11 15 8 4 1 12 10 13 7 9 3 14
2 8 12 3 11 14 5 1 6 9 15 10 7 4 13
11 14 5 10 7 1 13 8 15 12 2 4 3 6 9
12 14 5 11 8 15 1 9 7 4 3 10 13 6 2
15 13 10 5 1 11 6 9 2 14 7 3 4 8 12
10 8 2 13 14 6 9 3 4 5 11 15 7 12 1
3 5 14 15 7 6 4 13 9 10 1 12 8 2 11
13 12 7 14 6 10 8 3 5 9 2 15 11 4 1
4 11 9 8 3 15 10 12 7 2 1 14 13 6 5
13 6 4 5 7 10 3 8 2 12 11 14 1 9 15
11 2 6 8 7 13 14 10 9 15 4 5 3 1 12
2 13 15 4 6 5 3 1 9 12 14 7 10 11 8
15 2 14 10 9 11 4 1 3 13 6 7 5 12 8
7 11 15 12 2 10 6 4 14 9 5 8 1 3 13
14 8 2 1 7 5 15 6 11 4 9 13 10 3 12
10 11 3 4 7 6 1 2 8 14 15 5 12 9 13
1 5 6 4 8 12 10 7 14 15 3 2 9 13 11
2 14 13 11 5 15 8 4 1 3 9 10 7 12 6
4 12 10 8 11 2 5 15 14 7 13 1 6 3 9
1 15 13 2 4 5 12 11 9 8 10 6 7 14 3
6 14 12 4 3 11 13 9 5 8 15 10 7 2 1
8 5 10 1 13 6 4 15 12 2 7 11 3 14 9
13 14 6 8 3 9 11 2 7 5 15 1 10 12 4
5 14 6 3 10 12 13 11 15 4 7 8 1 9 2
6 14 15 12 10 2 4 5 8 11 9 13 7 1 3
13 15 11 8 6 14 2 12 9 7 1 3 10 5 4
1 3 11 4 8 12 6 10 13 7 9 5 14 15 2
9 6 1 10 8 4 5 14 11 13 2 15 3 7 12
4 7 9 3 12 14 11 1 13 5 6 10 2 15 8
12 9 6 2 15 10 1 8 4 11 14 7 13 3 5
8 2 14 15 10 3 12 7 11 6 13 5 4 9 1
1 12 7 3 10 14 2 11 15 8 9 5 13 6 4
11 12 9 4 15 7 2 1 13 5 8 6 14 3 10
4 8 10 7 6 12 15 3 1 2 13 5 9 14 11
14 11 5 8 12 10 4 9 7 1 2 13 15 3 6
14 7 9 13 11 4 6 10 15 8 3 12 1 2 5
2 14 1 12 11 13 15 3 8 9 4 10 7 5 6
5 13 15 6 11 3 10 4 2 14 12 7 9 1 8
15 14 1 11 8 13 2 7 5 3 6 9 10 4 12
10 8 5 3 2 1 7 14 11 6 12 4 13 15 9
12 3 1 6 11 13 4 5 2 7 15 10 9 8 14
13 4 3 11 10 2 5 14 1 9 15 6 12 7 8
14 12 11 2 9 4 5 8 10 3 13 1 15 7 6
9 1 15 12 14 6 11 10 2 13 5 3 8 4 7
4 2 8 11 7 15 5 14 12 9 3 1 10 6 13
11 4 12 10 5 9 1 7 6 3 8 15 14 13 2
1 10 9 13 14 11 5 3 2 6 7 8 12 4 15
2 5 3 4 1 10 15 9 12 7 11 14 8 6 13
2 8 1 3 6 5 4 11 14 13 12 10 9 15 7
5 15 8 2 6 12 3 14 4 11 13 10 1 9 7
15 6 3 5 7 9 13 11 8 12 1 2 10 14 4
9 2 1 8 5 14 4 7 3 11 6 13 10 12 15
6 1 11 4 8 3 14 5 15 13 12 7 2 9 10
10 9 12 14 6 7 5 3 8 13 11 2 4 1 15
9 1 12 14 5 3 4 15 8 11 7 10 13 6 2
6 2 7 10 11 1 5 3 4 13 12 8 15 14 9
1 13 4 10 5 6 3 7 2 12 9 14 15 11 8
6 8 10 7 9 3 1 2 4 11 14 12 5 15 13
10 9 4 6 1 5 3 14 13 11 2 12 8 15 7
11 14 6 5 2 1 8 13 15 3 10 12 9 7 4
13 7 6 12 5 9 10 1 3 11 15 2 14 4 8
2 13 14 15 5 7 12 6 4 10 1 8 9 11 3
8 7 2 10 11 1 15 9 14 6 4 13 3 12 5

3
ad978357-c14c-4c9a-9542-5a2eb36755bf
f1f6b449-8551-4f4a-8834-648d56674d51
b92e5326-0e3f-4e0a-993e-8551281a7405
1 3 2
3 2 1
2 3 1
1 2 3
1 2 3
2 3 1
3 1 2
3 2 1
1 3 2
3 1 2
1 2 3
3 1 2
2 3 1
3 2 1
3 1 2
3 1 2
1 2 3
3 2 1
1 2 3
1 2 3
2 1 3
2 3 1
2 1 3
2 3 1
1 3 2
2 3 1
2 3 1
2 1 3
1 2 3
3 2 1
2 1 3
2 1 3
2 3 1
1 2 3
3 2 1
3 2 1
1 2 3
2 1 3
3 1 2
3 1 2
3 2 1
3 1 2
2 3 1
1 3 2
1 2 3
3 1 2
3 1 2
1 3 2
1 3 2
2 3 1
1 2 3
2 3 1
2 1 3
1 2 3
1 3 2
3 2 1
2 3 1
1 2 3
3 2 1
3 1 2
1 3 2
3 1 2
2 3 1
2 1 3
1 3 2
1 3 2
3 1 2
2 1 3
3 2 1
2 1 3
1 2 3
3 1 2
3 1 2
1 2 3
2 1 3
3 2 1
1 3 2
2 1 3
3 2 1
1 3 2
3 2 1
3 1 2
1 2 3
1 2 3
1 3 2
3 2 1
3 1 2
1 2 3
2 3 1
2 3 1
2 3 1
3 2 1
1 2 3
1 3 2
1 3 2
3 2 1
3 2 1
1 2 3
2 3 1
3 2 1
2 3 1
1 2 3
3 2 1
3 2 1
2 1 3
1 3 2
1 3 2
1 3 2
1 3 2
2 1 3
1 2 3
2 3 1
1 3 2
2 1 3
2 3 1
2 1 3
3 1 2
3 1 2
2 3 1
1 2 3
1 3 2
2 3 1
2 1 3
2 1 3
3 2 1
1 3 2
3 1 2
1 2 3
2 3 1
2 1 3
3 2 1
1 2 3
1 2 3
3 2 1
2 1 3
1 3 2
2 1 3
2 3 1
3 2 1
2 1 3
2 3 1
1 3 2
2 1 3
3 1 2
3 2 1
3 2 1
2 1 3
2 3 1
2 1 3
3 1 2
3 1 2
2 1 3
3 2 1
3 1 2
2 3 1
1 3 2
3 2 1
3 1 2
1 2 3
1 3 2
1 2 3
3 2 1
1 2 3
3 1 2
2 3 1
3 2 1
1 2 3
1 2 3
3 2 1
2 3 1
1 3 2
1 2 3
1 3 2
1 3 2
2 3 1
2 1 3
1 3 2
2 1 3
3 1 2
3 1 2
2 3 1
3 2 1
2 3 1
3 2 1
1 3 2
2 1 3
2 3 1
3 1 2
2 1 3
2 1 3
3 1 2
2 3 1

12
03f04214-3ed4-48d5-8dfb-548b3c09bfd6
6bbac369-7c20-4b34-b681-bebb68ff998b
321bd56b-4cbd-42cf-9f79-3f4d1453508b
74d2af90-ec76-48d4-96ab-6738198ac9f4
d1a31e94-d309-4f12-bbca-671387ede9be
a854515e-1737-49f1-b168-f931b9ebd187
140d2ed1-c289-4691-8b34-3a32cc68198f
d47fad11-612c-4910-93b0-b95f3ced255a
5bf4ee10-6ae7-4183-bd6c-fca07f8eaed3
901f7d05-4d45-44cb-a408-57a021a55ba6
f50273a8-3f36-424a-ad09-372e35cc3527
36577bc0-ee53-4158-bac4-563f3bba99b4
7 8 5 12 10 2 4 3 9 11 6 1
9 8 7 1 3 5 10 12 2 11 6 4
5 2 12 1 8 10 4 7 11 6 9 3
9 11 3 6 7 5 2 4 10 8 12 1
1 2 5 3 11 9 4 6 10 7 8 12
1 10 8 11 7 6 2 12 4 5 3 9
6 7 1 10 8 2 9 5 4 12 3 11
5 12 7 11 6 2 1 4 3 8 9 10
11 12 10 7 2 5 8 1 9 3 4 6
8 1 11 2 10 3 6 9 4 5 7 12
5 1 9 4 8 6 7 12 2 3 10 11
11 1 10 4 3 12 2 5 7 6 8 9
2 6 3 12 11 9 10 4 1 8 7 5
6 9 12 7 2 5 3 8 1 4 11 10
6 10 3 12 5 2 8 4 7 1 9 11
7 2 4 12 3 9 6 1 11 8 10 5
12 10 5 4 9 7 6 11 2 8 3 1
12 7 2 1 8 10 4 5 3 6 9 11
9 1 3 5 8 12 2 4 7 11 10 6
3 1 5 9 6 12 10 7 11 2 8 4
1 9 2 12 6 10 4 8 5 3 7 11
10 11 3 1 9 7 4 6 12 5 2 8
6 12 10 5 1 11 9 3 4 7 8 2
8 2 11 7 5 6 3 9 10 4 1 12
7 1 3 5 8 2 9 4 10 11 6 12
5 2 11 4 3 6 8 7 9 12 1 10
3 6 2 9 1 12 8 4 5 11 7 10
5 11 10 7 6 12 3 9 2 1 4 8
1 2 6 5 12 3 10 7 8 9 11 4
4 5 3 1 10 9 6 2 11 12 7 8
7 1 4 3 10 11 6 12 9 2 8 5
12 10 2 6 7 11 5 8 3 9 4 1
6 3 12 10 9 11 8 1 5 2 4 7
6 5 4 12 1 3 8 9 7 2 10 11
12 1 2 5 10 6 9 4 8 3 11 7
6 4 8 2 10 7 5 9 12 1 3 11
6 5 7 1 4 2 10 12 9 8 3 11
4 7 11 1 6 12 3 2 8 10 5 9
1 10 4 6 7 11 9 8 12 5 3 2
7 1 10 8 4 6 2 11 9 3 5 12
1 5 3 4 8 11 9 7 12 2 6 10
5 12 1 3 4 11 6 8 10 2 7 9
6 11 2 9 4 10 7 8 3 5 12 1
9 5 6 1 3 8 4 12 2 10 7 11
11 12 9 7 3 2 6 10 4 1 8 5
9 2 8 5 3 11 1 4 6 10 7 12
1 2 12 8 3 7 4 9 11 6 10 5
4 2 6 11 1 7 3 8 9 10 12 5
7 2 10 11 6 4 8 12 9 1 5 3
1 3 2 10 7 11 9 4 12 6 8 5
4 7 6 10 12 8 2 3 9 1 11 5
4 9 12 7 3 8 11 2 10 1 6 5
11 6 7 10 12 3 5 1 4 2 9 8
8 10 11 7 3 2 6 9 1 12 4 5
7 5 12 10 4 11 6 3 9 8 2 1
1 5 4 9 3 12 11 6 7 10 8 2
12 7 2 1 11 9 3 10 8 5 4 6
9 11 6 10 2 1 7 12 8 5 3 4
9 7 12 5 11 1 3 2 8 6 10 4
2 3 8 6 5 7 1 11 10 4 9 12
12 2 10 3 7 8 6 1 4 5 9 11
3 6 2 5 4 7 10 11 12 9 1 8
9 3 10 1 7 2 12 5 4 8 11 6
4 2 7 12 8 9 10 5 6 3 1 11
6 11 7 12 9 2 8 1 3 10 5 4
7 4 12 6 8 5 10 3 9 1 2 11
9 4 12 5 6 1 10 8 7 2 11 3
1 5 10 3 6 8 2 11 4 9 7 12
9 7 10 11 8 3 1 6 4 2 12 5
1 11 9 12 10 8 2 5 3 6 7 4
7 8 12 10 3 6 9 1 11 2 5 4
4 12 11 7 10 9 2 1 5 6 8 3
6 7 2 3 5 9 11 12 4 8 1 10
2 12 4 9 7 1 6 10 11 3 5 8
1 10 6 4 2 11 12 9 7 8 3 5
6 3 7 9 11 10 12 1 2 5 8 4
12 8 6 7 3 5 2 10 1 4 9 11
3 6 9 10 11 2 12 5 7 8 1 4
8 6 3 4 11 2 9 1 7 12 5 10
6 4 7 3 8 12 10 2 11 1 9 5
9 10 6 1 12 5 8 11 7 4 3 2
7 2 5 4 3 6 10 12 8 9 1 11
4 8 11 5 1 12 7 10 3 9 2 6
11 4 5 9 8 10 12 1 3 2 7 6
11 3 7 8 10 12 9 6 1 4 5 2
1 10 2 7 11 9 6 8 12 4 5 3
3 8 2 6 1 11 4 9 7 5 12 10
9 8 12 11 1 3 10 5 7 2 6 4
8 11 9 3 5 1 4 10 2 7 6 12
2 12 3 10 8 11 4 9 5 7 1 6
12 9 6 10 11 5 8 4 2 1 3 7
2 11 6 7 4 1 3 12 8 10 5 9
10 9 4 3 1 6 8 11 2 12 5 7
9 8 2 6 5 12 1 11 10 3 7 4
3 8 6 9 1 12 10 11 5 2 7 4
4 3 6 1 8 7 5 2 10 12 11 9
6 8 12 1 7 10 3 5 4 2 9 11
5 11 4 7 1 2 10 12 3 9 8 6
6 5 11 12 10 9 7 1 4 3 8 2
4 10 1 3 7 6 9 12 5 11 8 2
12 2 7 1 4 11 5 10 8 9 3 6
3 1 8 11 2 5 7 12 4 10 9 6
12 10 11 9 4 7 8 2 3 5 1 6
2 7 10 12 4 8 5 9 1 6 3 11
3 2 4 1 5 8 11 7 6 12 9 10
4 3 5 2 10 6 1 12 7 9 11 8
1 10 3 6 12 2 9 8 7 5 4 11
11 4 12 1 3 9 6 5 10 7 8 2
2 7 10 11 9 1 6 12 3 5 8 4
12 7 5 9 3 11 8 2 4 10 6 1
2 4 9 1 5 12 7 6 10 8 3 11
1 10 2 3 5 8 12 11 7 4 6 9
8 6 4 1 3 10 5 12 11 2 7 9
4 7 12 10 9 11 8 6 2 5 3 1
10 9 6 7 12 2 4 8 1 3 11 5
7 3 11 5 4 9 10 6 1 2 8 12
2 10 5 1 6 3 11 12 9 7 4 8
10 4 6 5 8 9 7 12 3 11 1 2
10 5 2 11 8 7 12 9 4 1 6 3
8 5 2 7 3 11 10 6 4 12 1 9
2 8 12 4 7 6 11 1 10 9 5 3
4 2 10 8 1 6 7 9 3 12 11 5

20
a1f90604-a5c2-44b2-98ba-4adb0b4db99c
fd758656-cb2d-41fb-b09d-dfe65a005c7c
8d005c01-2826-4f12-8fac-c0b13011a299
fb831b32-9c97-414b-b909-ba26f930c954
d9a2ef4d-f6ea-4ee9-9821-338d899a98f1
2882d245-34f7-4c2c-8c95-ebdefa3bcc86
0d27baa5-7936-41b8-a087-021a42c5918d
aa85da72-cc4f-495e-881a-62d5b26caff0
977c06e5-ac2a-4bff-9378-12398969228b
f7bc99a6-28c2-4dfa-b614-4e86784df406
dc7018c8-56b2-47b0-8f48-f6e95e845ec0
254b1342-0c23-439f-b162-72fa6a5dcf2c
0740bd64-cc3b-43a3-a2db-c178fa0c5a04
7a4059e6-d595-402c-8ffa-c42d54942434
b9ede3c2-fdfd-46d7-856e-129b750c6077
6b1e034b-8dd9-4b9c-b9d3-fca2c147de30
135bc42b-46d5-423c-a361-a71df6ed3be2
641c4736-93d7-4a8a-bc4f-3e8b482adc72
c70f13f1-b086-452f-bbaf-557f6629354c
58ef5fe3-7995-4704-b5c4-498d84565373
16 1 8 12 17 15 5 13 10 7 3 4 11 18 9 2 14 19 20 6
6 7 3 15 18 1 9 11 4 13 5 14 20 8 12 17 16 2 19 10
5 19 7 15 1 11 17 4 12 3 10 8 9 16 20 18 6 14 13 2
16 2 14 17 19 4 12 6 11 15 5 9 20 3 8 7 10 13 18 1
14 7 16 3 19 17 9 20 13 18 12 8 1 6 4 11 5 10 2 15
8 20 10 15 12 13 18 17 16 1 9 19 6 3 4 5 7 2 14 11
8 15 13 6 5 1 11 4 3 17 19 7 14 2 18 20 12 9 16 10
7 12 17 20 10 14 11 4 1 8 2 9 3 18 6 13 5 16 15 19
1 8 10 18 15 17 11 7 5 12 2 6 16 3 14 20 9 13 4 19
3 13 15 2 1 4 5 18 17 19 16 10 20 6 14 7 9 11 12 8
3 2 9 16 18 7 8 1 14 6 15 5 12 20 4 17 19 11 13 10
7 10 11 5 20 19 14 9 17 12 13 4 6 2 8 1 3 18 16 15
6 17 13 15 9 11 16 19 7 2 12 3 4 1 5 10 20 18 14 8
15 8 6 14 11 12 9 5 20 19 7 1 10 3 16 2 18 4 13 17
19 1 9 3 20 13 10 5 7 16 6 14 12 11 2 17 18 4 8 15
17 4 13 8 19 9 7 20 11 18 16 15 14 10 1 3 2 6 5 12
16 2 3 19 14 13 6 7 4 17 5 8 9 12 20 10 1 11 15 18
18 2 15 7 17 12 5 3 16 10 6 11 13 14 20 9 1 19 8 4
4 19 2 1 5 3 16 8 13 20 12 7 6 10 14 18 15 17 11 9
19 18 3 2 14 12 7 15 10 9 16 4 5 1 8 17 20 13 11 6
13 7 6 1 9 12 10 8 4 16 15 11 2 19 18 5 17 3 20 14
3 2 9 5 15 16 6 11 7 8 13 19 14 18 12 1 4 17 20 10
1 16 13 18 11 3 8 2 4 5 10 19 17 7 12 9 6 14 15 20
5 7 19 18 12 11 16 1 2 17 20 15 13 8 4 10 6 14 3 9
10 8 3 12 15 1 16 11 2 6 19 4 7 17 20 13 9 14 5 18
4 16 7 6 14 15 10 8 17 12 11 13 2 9 20 1 5 19 18 3
9 3 15 1 11 6 17 8 5 2 14 12 10 7 4 20 13 19 16 18
18 9 10 1 14 2 13 12 17 20 11 15 19 4 16 5 6 7 8 3
18 15 9 12 17 11 7 19 4 8 16 2 3 10 14 13 20 1 6 5
14 20 10 1 18 8 2 5 19 4 9 12 3 11 13 6 7 17 16 15
2 1 7 20 5 3 9 12 16 13 11 6 8 17 10 14 19 18 15 4
17 13 16 11 8 7 15 6 4 1 19 14 3 9 20 18 12 2 5 10
2 11 8 20 5 12 14 6 4 7 18 17 10 19 9 15 1 3 13 16
15 9 16 4 6 5 2 17 7 18 8 12 19 20 3 10 14 1 13 11
12 5 3 1 14 15 17 19 10 9 7 13 6 2 11 8 20 16 4 18
3 15 1 11 14 6 8 19 7 5 10 9 17 16 18 20 4 13 12 2
17 20 1 18 8 10 12 19 13 5 3 14 9 4 16 2 11 15 6 7
3 20 12 9 7 16 4 18 8 5 17 15 11 6 13 1 14 10 19 2
15 10 1 8 12 9 4 2 11 19 3 5 7 20 16 13 14 18 17 6
18 3 13 7 20 8 9 6 1 2 10 14 16 5 11 17 19 12 15 4
4 15 17 11 7 18 12 14 10 19 16 5 9 13 6 2 20 8 3 1
14 5 3 12 16 18 7 2 13 20 9 19 17 8 6 1 10 4 11 15
4 19 5 7 15 18 16 3 14 17 20 6 13 10 1 12 9 2 8 11
10 2 17 19 20 6 1 16 8 15 14 11 12 4 18 5 7 3 13 9
17 14 4 20 10 11 15 7 8 5 13 2 3 19 18 16 12 6 9 1
20 18 2 12 19 7 6 3 16 13 10 11 1 15 14 5 9 4 8 17
1 9 4 14 2 19 6 20 8 10 3 11 17 5 15 16 7 13 12 18
18 6 8 19 2 13 5 7 3 12 15 16 9 17 20 4 1 11 14 10
17 14 12 3 18 7 8 10 13 15 5 2 1 6 20 11 19 9 16 4
17 10 2 4 15 14 1 19 20 6 13 12 9 18 8 16 11 7 5 3
15 1 20 7 3 2 5 12 9 17 14 13 4 11 16 18 8 6 19 10
2 19 3 4 7 1 20 15 9 5 16 8 12 11 17 14 18 6 13 10
4 19 2 9 14 17 7 1 8 11 5 20 15 3 6 13 16 18 12 10
19 10 12 18 11 3 4 15 5 20 17 2 14 16 1 9 13 7 6 8
6 15 13 8 16 17 12 10 14 20 1 7 4 9 11 2 18 3 5 19
6 4 16 9 20 14 15 3 2 13 10 1 7 8 18 5 11 19 17 12
8 16 5 13 18 11 6 17 9 4 15 7 2 20 10 3 14 12 1 19
8 7 18 10 1 15 12 4 5 9 20 14 17 6 16 19 2 11 13 3
13 18 19 20 3 9 16 17 5 8 14 10 7 2 6 11 1 15 12 4
15 4 19 7 14 8 18 10 12 9 17 11 5 6 3 2 13 20 16 1
13 15 2 4 18 20 14 5 16 17 12 8 19 3 6 7 9 1 10 11
5 16 8 9 3 18 12 14 6 7 20 4 19 11 17 2 1 10 15 13
5 2 7 4 1 19 10 20 15 18 16 6 14 13 3 17 11 9 12 8
13 3 6 17 15 19 8 12 14 1 11 16 20 18 5 4 10 9 7 2
1 12 7 13 6 8 16 9 14 18 15 2 10 3 4 11 20 17 19 5
11 14 13 8 12 9 4 1 17 5 3 19 6 7 20 18 10 15 16 2
8 1 19 9 5 13 14 12 11 10 3 16 15 6 18 2 4 7 20 17
8 9 14 19 12 20 16 4 7 11 5 1 6 2 3 15 10 13 17 18
7 13 10 12 15 19 6 4 5 17 1 11 14 18 9 2 16 3 20 8
4 11 14 17 6 16 1 9 2 5 3 20 8 18 7 12 10 13 19 15
7 9 19 16 8 15 5 13 12 10 14 3 20 2 4 6 17 1 11 18
4 20 17 11 7 16 12 14 6 10 19 9 2 13 8 3 18 15 1 5
19 9 12 15 6 5 3 10 17 18 14 2 16 4 1 20 11 13 7 8
13 7 18 15 1 4 11 12 6 19 3 20 16 5 10 17 8 2 14 9
11 8 9 17 12 6 10 1 5 13 16 3 7 14 4 15 20 18 2 19
3 5 17 20 16 11 2 18 14 19 8 6 15 12 7 1 10 9 13 4
15 20 8 1 17 6 9 11 3 16 14 5 2 19 18 10 4 13 12 7
7 9 1 15 3 17 4 8 13 19 2 5 20 14 6 12 16 10 11 18
11 1 18 20 3 10 15 6 17 5 8 9 2 4 14 13 7 16 12 19
19 16 7 6 11 4 1 12 2 13 10 5 14 8 20 18 17 9 3 15
9 8 4 10 16 17 20 7 13 1 11 12 19 2 5 18 14 6 15 3
16 7 3 6 11 12 10 8 1 4 17 5 20 9 13 19 15 18 2 14
3 20 9 16 18 11 14 13 4 19 17 10 12 1 7 5 6 8 15 2
17 5 7 13 18 15 1 11 2 20 3 4 14 19 9 8 10 6 16 12
15 10 1 2 13 12 11 7 4 14 17 6 16 8 5 9 20 18 3 19
13 6 11 8 2 1 16 20 4 3 9 10 14 18 12 17 15 7 19 5
3 5 8 16 9 15 7 4 2 10 1 14 17 20 13 6 11 12 18 19
2 17 3 1 5 20 12 13 4 16 19 10 15 11 7 9 18 6 8 14
15 20 19 17 11 6 18 7 9 4 16 10 12 3 1 14 8 5 2 13
4 16 8 20 1 10 7 18 2 9 6 14 3 11 5 15 19 12 13 17
14 8 5 20 9 11 3 6 19 15 4 2 16 1 13 7 18 10 17 12
5 13 2 9 7 10 6 18 1 4 17 11 20 8 14 3 19 16 12 15
16 12 14 18 8 7 17 19 10 2 9 11 4 3 15 1 20 5 6 13
15 18 3 11 7 1 13 4 8 2 19 10 6 5 9 14 17 12 16 20
9 11 5 10 2 12 16 19 1 3 20 18 8 13 4 15 6 14 17 7
12 9 16 14 17 5 1 7 19 15 18 8 2 4 20 13 10 6 11 3
12 9 3 19 17 18 2 14 20 6 1 4 8 5 13 10 16 7 15 11
3 14 5 19 8 12 4 20 15 16 13 2 9 17 11 1 10 7 6 18
13 12 11 20 7 14 18 19 8 10 5 16 1 15 3 17 4 9 2 6
15 9 18 20 7 14 1 2 10 16 13 11 8 3 19 6 12 5 17 4
15 3 14 19 4 1 5 2 16 11 6 17 13 9 10 8 20 12 18 7
16 17 13 8 6 3 4 11 5 1 7 19 9 20 2 10 15 14 12 18
20 9 14 18 17 16 7 11 1 8 13 2 4 15 5 3 12 10 6 19
5 15 8 7 19 11 3 18 1 14 16 10 17 12 2 9 6 20 4 13
7 9 6 4 1 15 16 8 18 5 20 17 2 14 12 13 10 11 19 3
10 17 11 8 9 7 2 3 15 19 14 5 18 4 1 20 13 16 6 12
7 8 13 10 15 18 16 17 9 11 20 3 4 14 5 19 6 2 12 1
7 10 1 3 6 11 8 14 15 2 5 13 20 19 4 9 16 17 18 12
4 2 18 11 13 9 10 15 14 19 12 6 17 7 1 16 8 3 20 5
10 5 17 12 2 19 18 14 3 20 16 1 15 4 13 6 11 9 7 8
1 6 15 7 16 5 4 20 10 18 11 14 9 3 17 19 8 12 2 13
7 17 15 4 20 9 10 2 13 18 1 8 11 3 16 19 5 6 12 14
9 15 12 8 16 13 14 5 11 19 1 3 7 18 20 17 6 2 10 4
10 20 16 15 4 13 18 6 14 8 17 7 9 11 12 2 5 1 19 3
12 15 8 2 9 13 11 5 10 14 20 7 16 4 18 6 19 1 3 17
13 10 18 20 9 16 3 8 5 19 14 15 4 17 1 7 2 11 12 6
2 12 16 17 5 3 11 20 10 14 1 19 4 13 6 8 18 7 9 15
15 5 2 9 13 10 20 6 16 18 17 3 8 11 14 7 4 19 12 1
9 3 6 15 11 14 7 16 12 8 1 5 2 13 4 19 10 18 17 20
3 15 12 11 1 8 7 19 16 4 5 14 9 10 6 17 18 20 2 13
8 10 20 14 7 6 17 11 13 15 5 3 16 9 4 1 2 12 18 19
6 14 9 17 18 2 12 16 13 5 4 19 15 7 8 11 3 20 10 1
10 4 16 15 7 9 18 5 2 11 1 6 14 20 8 12 13 3 17 19
18 5 10 17 13 8 12 15 1 7 19 11 9 20 3 16 2 4 6 14
13 12 11 16 3 9 8 17 1 18 2 15 14 7 10 6 20 5 4 19
19 18 13 15 1 3 6 12 4 14 16 10 7 8 17 11 9 5 2 20
8 20 18 15 5 14 19 17 16 10 13 12 11 7 9 6 4 1 2 3
3 16 18 6 8 12 14 19 5 10 20 13 2 11 1 15 17 4 9 7
7 3 5 15 9 11 17 6 20 4 10 8 19 14 1 18 12 16 2 13
12 5 4 16 18 3 19 1 2 8 15 20 6 10 11 9 14 13 17 7
18 15 4 20 7 14 3 6 10 13 12 16 9 5 8 1 11 19 17 2
18 9 2 6 1 5 14 4 17 12 20 7 8 13 19 3 10 15 11 16
9 3 15 16 2 1 13 17 11 10 5 18 4 19 20 7 8 14 6 12
4 1 17 15 16 13 3 9 18 8 7 2 20 6 12 11 14 19 10 5
14 17 3 1 8 13 4 15 2 9 11 5 19 20 16 12 7 6 10 18
18 4 6 15 20 17 10 2 1 5 11 14 12 16 9 8 3 13 19 7
4 16 17 3 15 8 19 10 9 2 13 14 7 12 20 6 11 5 18 1
20 18 5 4 3 9 17 13 8 7 1 12 14 19 11 10 6 2 15 16
4 19 7 8 5 9 20 14 2 3 1 11 16 17 13 15 6 10 12 18
8 3 4 15 13 11 7 17 2 5 16 20 9 12 6 18 19 10 1 14
4 11 12 6 20 7 19 10 16 18 9 17 1 8 2 15 5 3 13 14
11 15 8 2 19 10 17 7 13 12 5 16 6 18 4 3 9 14 1 20
12 4 5 6 2 20 16 19 3 1 13 9 17 18 10 15 8 7 11 14
19 9 15 7 4 2 3 8 5 10 6 14 18 17 11 20 1 13 16 12
1 14 8 3 7 18 16 17 20 5 11 10 13 19 9 12 2 4 15 6
19 13 14 2 7 4 11 20 18 3 17 16 15 5 12 10 9 1 6 8
18 19 13 10 6 12 14 9 2 7 11 8 1 3 5 4 16 17 15 20
13 11 17 15 7 14 6 12 3 1 5 10 2 20 8 9 16 4 19 18
15 1 9 12 16 5 14 20 19 8 6 2 10 3 13 18 11 4 17 7
1 12 8 4 13 15 19 11 17 10 9 14 18 3 2 7 16 20 6 5
12 9 6 1 16 13 11 7 20 4 14 19 2 3 15 18 10 5 17 8
10 15 8 14 5 17 3 12 19 13 16 9 20 2 4 6 18 1 11 7

11
8a0f12fe-0eae-457e-8150-11c694f93af7
8eed6e6b-1d7e-4eef-a307-9b4fc71bac84
6ed2494e-b309-461d-ab7b-c8e5d54b97ed
096a2649-0fdf-47de-b68a-3f5cade8fd5c
e39d1334-6f8e-4a49-b41f-58086ed2e759
fe6fa907-53e9-487c-90a1-1cc43245e3f0
25c26e2c-974a-4a13-bfb0-0988f5eaf3c8
9c40657b-651b-4de4-af3a-52d81fcb975f
2949079f-4154-4e99-a02f-7cf4526c45b4
f16dd857-926d-481b-8b33-96d2f72ae4f1
9cdb8305-d246-4f40-bcbc-0ddb48a91350
5 2 8 3 6 10 1 4 7 11 9
4 9 3 8 11 5 10 7 1 2 6
11 8 1 2 3 9 4 5 6 10 7
11 7 8 3 9 5 10 4 1 2 6
11 7 1 4 2 6 10 8 9 5 3
11 3 2 10 1 9 8 6 7 4 5
3 6 7 10 1 4 5 9 11 8 2
5 8 6 3 9 1 7 10 11 4 2
3 9 7 1 4 5 11 10 6 8 2
2 11 6 8 10 3 5 4 7 9 1
8 10 9 1 11 2 7 6 3 5 4
4 2 3 9 11 5 8 10 1 7 6
7 11 6 10 3 2 1 9 5 4 8
1 6 3 2 11 9 7 8 5 4 10
3 7 10 4 5 1 6 2 11 8 9
1 10 11 8 5 9 2 4 6 7 3
6 11 1 7 8 2 9 4 3 5 10
6 10 7 8 5 2 3 4 11 9 1
4 3 9 10 5 6 2 8 7 1 11
11 6 5 10 3 4 7 2 1 8 9
1 10 2 7 11 4 9 3 8 6 5
2 7 8 3 4 10 5 11 9 1 6
11 8 9 3 6 10 4 1 7 5 2
1 3 10 9 11 7 4 2 5 6 8
2 3 6 7 9 10 11 1 5 4 8
5 6 2 7 3 8 10 9 11 1 4
7 5 8 4 6 2 3 9 10 1 11
5 1 7 10 6 4 11 9 8 2 3
4 5 8 9 10 6 3 11 1 7 2
10 3 6 9 11 8 5 4 2 1 7
2 9 8 7 6 4 3 11 1 5 10
2 10 4 8 6 1 5 11 7 3 9
4 5 2 1 10 7 6 11 3 9 8
1 7 8 4 11 3 9 10 2 6 5
4 3 6 1 7 8 2 10 9 5 11
5 3 8 9 11 10 7 6 1 4 2
7 4 5 10 8 1 6 9 11 3 2
5 10 3 2 7 8 9 6 4 1 11
7 9 2 10 1 11 3 4 6 8 5
2 5 3 8 1 7 6 4 10 11 9
11 2 4 10 9 3 5 1 7 6 8
8 1 9 11 5 6 3 4 10 2 7
1 4 3 7 8 11 5 9 6 10 2
5 4 1 6 10 2 8 3 7 9 11
9 6 4 2 10 3 7 5 11 8 1
5 4 1 3 11 2 10 7 9 6 8
1 11 3 2 7 10 9 5 4 6 8
9 10 3 4 5 11 8 7 2 6 1
1 10 5 6 4 8 7 11 3 2 9
1 5 11 3 9 4 8 7 2 6 10
6 2 4 5 1 8 3 10 9 11 7
4 6 3 10 9 1 7 11 2 8 5
9 6 4 7 2 10 5 1 3 11 8
11 4 7 5 3 8 2 9 1 6 10
10 1 5 8 9 6 2 4 7 11 3
6 7 2 10 8 9 3 11 4 1 5
8 5 11 9 7 3 4 2 6 1 10
11 3 2 1 9 5 10 8 4 7 6
7 10 11 1 9 3 2 5 6 8 4
2 1 9 7 11 3 4 6 10 8 5
10 5 2 6 11 3 8 9 1 4 7
4 2 1 3 6 11 7 9 10 8 5
6 8 2 7 4 9 1 3 11 10 5
7 6 2 9 5 1 3 4 10 11 8
2 7 11 8 9 3 5 4 1 6 10
1 2 6 11 3 4 10 5 7 8 9
10 7 3 6 11 9 5 2 1 4 8
3 11 2 1 6 8 10 5 7 4 9
3 7 5 9 1 8 6 4 11 10 2
4 5 2 8 1 3 6 10 9 11 7
6 3 7 5 1 9 4 11 10 8 2
9 3 10 8 1 5 7 2 11 6 4
10 4 2 6 9 5 8 11 7 3 1
9 7 4 11 10 1 3 6 2 8 5
1 3 9 7 5 10 8 6 11 4 2
1 11 7 3 6 9 10 5 8 4 2
10 9 1 4 11 3 7 5 6 2 8
2 8 1 11 5 3 6 7 4 10 9
3 8 9 11 4 7 2 1 10 5 6
8 10 5 6 7 3 2 4 1 11 9
6 10 8 7 5 1 2 4 11 3 9
2 3 11 8 7 9 5 10 6 1 4
4 9 5 10 3 6 7 1 8 11 2
10 6 9 8 4 7 2 5 11 1 3
10 8 4 2 11 7 3 5 1 9 6
5 2 4 6 10 7 3 9 8 1 11
6 5 4 2 11 7 8 1 10 3 9
10 7 6 4 5 8 11 9 2 3 1
4 5 2 1 8 11 6 10 3 9 7
11 9 6 4 2 5 8 7 10 3 1
9 10 8 7 3 4 2 11 5 6 1
10 11 3 6 4 7 5 2 8 1 9
1 5 8 3 9 10 2 4 6 7 11
2 8 3 6 10 5 9 11 1 7 4
4 1 5 3 11 2 10 7 6 8 9
6 8 11 3 10 4 9 1 5 7 2
8 10 3 11 6 4 2 7 5 1 9
11 3 8 2 7 5 1 4 10 9 6
8 9 3 11 1 10 4 2 6 7 5
4 5 10 11 1 8 9 3 6 2 7
2 8 9 7 3 4 5 11 10 6 1
5 2 7 1 4 6 3 8 9 11 10
11 2 9 5 7 3 4 10 1 6 8
1 10 11 7 8 3 6 9 5 4 2
9 10 3 6 5 7 8 4 11 1 2
7 3 5 10 9 11 6 2 8 4 1
1 2 10 5 3 11 4 6 8 7 9
9 10 11 7 4 3 2 1 8 6 5
1 5 7 6 9 11 8 10 4 2 3
2 1 10 5 6 11 4 8 7 9 3
5 6 4 2 9 11 8 3 7 10 1
3 2 1 4 5 7 6 9 11 8 10
4 9 1 11 3 2 5 8 6 10 7
9 2 3 8 6 11 7 1 10 4 5
7 4 5 9 1 3 10 2 6 8 11
7 1 10 4 8 6 3 9 5 11 2
11 4 7 5 10 6 2 8 1 9 3
5 6 1 8 10 11 7 9 2 3 4
4 7 6 5 10 3 1 9 8 11 2
10 5 4 3 6 8 7 9 11 1 2
1 9 4 3 2 7 5 8 11 6 10
6 2 4 3 8 5 10 11 7 9 1
7 2 11 9 3 5 8 1 10 6 4
1 4 8 3 6 7 10 11 9 2 5
9 7 5 10 4 1 6 11 2 8 3
10 1 4 2 3 6 9 7 5 8 11
9 11 8 2 3 1 6 7 4 10 5
10 8 1 2 7 9 4 11 5 3 6
7 4 6 2 3 5 1 10 8 11 9
3 10 9 1 5 4 6 8 11 7 2
4 2 11 10 6 8 9 7 1 5 3
5 2 6 10 1 9 8 4 7 11 3
8 6 5 1 4 3 11 10 7 9 2
5 8 3 11 7 10 1 9 6 4 2
2 9 6 4 1 5 10 11 7 8 3
4 9 10 3 6 1 11 2 8 5 7
9 1 2 4 3 6 8 10 11 5 7
1 5 2 3 11 4 7 6 9 10 8
2 9 6 1 4 7 5 8 3 11 10
9 3 8 7 6 1 5 10 11 2 4
8 6 5 10 3 4 1 11 9 7 2
5 10 1 9 3 8 7 4 11 2 6
3 4 10 7 5 1 11 8 6 9 2
11 1 3 6 10 7 2 8 5 4 9
5 2 7 9 11 4 6 8 3 10 1
4 5 3 10 11 9 1 2 7 6 8
4 11 3 2 5 10 1 9 7 6 8
10 1 7 11 6 2 3 9 5 4 8
3 10 7 6 9 11 4 2 5 8 1
11 5 4 1 2 3 10 9 6 8 7
3 5 7 6 8 1 9 4 2 10 11
1 4 5 8 7 10 9 11 6 3 2
5 9 11 7 10 3 4 2 8 6 1
8 3 11 5 6 9 7 1 10 4 2

5
92c31e5e-3b39-4fcd-be08-52721c760061
0f442350-66a2-4fd3-a9ed-e30fbdc99149
d942798f-6867-40cd-b49d-923b22e86e45
40ef67cf-905e-4777-9616-97aab276f3c3
5b9d3764-1bc1-4ab0-a7f0-79ade7d975f9
4 3 1 2 5
3 1 4 2 5
1 5 4 2 3
2 1 3 4 5
1 2 5 3 4
2 4 1 3 5
5 3 4 2 1
3 4 1 2 5
3 5 2 4 1
2 4 3 5 1
3 5 2 1 4
3 1 4 5 2
4 3 2 5 1
4 1 3 5 2
2 4 1 5 3
4 1 2 3 5
1 2 5 3 4
5 2 4 1 3
5 3 1 4 2
5 1 4 3 2
1 5 2 3 4
5 1 4 2 3
4 3 1 5 2
5 3 1 2 4
4 1 5 2 3
4 5 3 1 2
4 2 1 3 5
5 3 2 4 1
1 5 3 4 2
3 5 4 2 1
1 3 2 4 5
5 4 3 2 1
5 3 2 4 1
4 3 2 5 1
2 5 1 3 4
1 2 5 4 3
5 3 2 4 1
1 3 5 4 2
2 4 1 3 5
2 3 1 5 4
4 2 3 1 5
5 2 4 3 1
2 5 4 1 3
4 1 5 3 2
2 1 4 3 5
4 1 3 2 5
2 3 1 5 4
1 3 2 5 4
1 5 3 2 4
4 5 3 2 1
1 3 2 4 5
3 1 4 5 2
4 2 5 1 3
4 1 2 3 5
1 5 4 3 2
4 5 3 2 1
1 3 4 5 2
4 5 1 3 2
4 5 3 1 2
4 1 5 3 2
4 5 3 2 1
2 4 3 5 1
2 4 3 5 1
4 2 1 5 3
3 1 2 4 5
2 4 3 5 1
5 4 2 3 1
5 4 1 2 3
5 3 1 4 2
1 5 3 2 4
3 1 2 5 4
4 1 2 5 3
5 1 3 4 2
4 1 2 5 3
2 4 3 5 1
3 5 4 2 1
2 3 5 1 4
4 1 2 5 3
5 1 2 3 4
5 1 3 2 4
5 1 2 4 3
5 1 2 3 4
4 5 2 1 3
5 1 4 3 2
5 1 2 3 4
5 4 2 1 3
2 1 3 4 5
2 3 1 4 5
4 2 5 3 1
3 4 5 2 1
1 5 4 3 2
1 5 4 2 3
3 4 5 2 1
5 4 1 2 3
5 1 4 2 3
1 4 5 2 3
5 4 2 3 1
4 1 2 3 5
4 2 1 3 5
3 5 1 4 2
2 1 4 3 5
1 3 5 2 4
5 3 4 1 2
2 3 4 5 1
4 2 5 3 1
3 5 2 4 1
3 1 5 4 2
5 4 2 3 1
2 3 4 5 1
5 1 3 2 4
1 5 2 3 4
3 2 4 5 1
1 2 3 4 5
3 2 4 1 5
3 1 5 4 2
4 2 1 3 5
2 4 3 1 5
4 2 5 3 1
5 2 3 4 1
5 2 1 4 3
1 2 3 5 4
5 1 4 2 3
3 5 4 1 2
5 1 4 2 3
5 2 1 4 3
3 5 1 2 4
1 2 4 5 3
1 4 2 3 5
4 1 5 2 3
2 4 5 1 3
5 1 2 4 3
4 2 5 1 3
2 4 5 1 3
5 2 3 4 1
3 2 5 1 4
1 3 5 2 4
5 2 4 1 3
1 3 5 2 4
3 2 4 1 5
2 1 5 3 4
3 2 4 1 5
2 4 1 5 3
4 2 1 3 5
2 3 1 5 4
1 3 4 2 5
2 3 1 5 4
3 4 1 5 2
1 2 4 5 3
1 3 4 5 2
5 3 2 4 1
3 5 4 2 1
4 2 1 3 5
2 4 1 3 5
1 5 2 3 4
5 4 1 2 3
5 3 1 4 2
1 3 4 5 2
4 2 5 1 3
3 2 1 5 4
3 1 5 4 2
1 3 5 2 4
1 3 5 2 4

13
e89ba98f-7638-459f-8d84-47cc6cd07bd4
afa44fca-b7f1-4f66-aea8-677f58029f2e
f4124b9c-ee64-4b17-8177-1146f45b9ba9
ac22c39d-5bc4-471c-b78e-dada7d7f1f67
36ebe9b9-6ad6-43fb-9dce-26679dc38110
1a37ef78-e4db-49cb-a158-402f40a68aed
35379202-9e92-4a2e-96bb-0dd8ffe5ae07
9ec3b103-4f86-46c3-bb0d-a641d7dcd788
363b7bc2-f0fe-4d85-89d2-5b1976e14f3d
4cb272a3-77b4-42aa-a20b-8e7740a9471d
1c4152ed-56db-4223-a083-dcf902106ce3
57a1f0ed-3cb4-451e-91ac-176d47c65c2c
de2b5f38-68c4-4519-b0a2-a02fd8757741
12 2 6 10 4 1 3 7 13 9 5 11 8
5 4 13 2 11 1 3 8 7 6 9 12 10
6 5 8 3 7 11 9 10 2 4 13 12 1
2 7 9 12 1 13 8 10 3 5 11 6 4
11 12 3 5 2 1 13 7 10 8 4 9 6
10 3 8 2 1 5 9 12 4 13 11 7 6
8 1 11 9 4 7 6 10 5 13 3 2 12
12 11 9 5 2 6 1 3 10 4 13 8 7
4 8 2 10 13 9 5 6 7 3 1 12 11
3 2 11 8 9 13 7 5 10 1 6 12 4
3 11 9 5 12 1 4 10 2 13 6 7 8
3 6 12 13 11 2 7 8 10 9 4 1 5
4 1 13 11 2 12 9 7 10 6 3 5 8
1 4 3 9 12 13 11 8 10 2 6 5 7
11 1 3 6 2 13 4 8 10 9 12 5 7
11 5 6 13 3 2 7 9 8 12 10 4 1
13 7 4 1 2 5 11 6 8 9 3 12 10
8 10 4 13 9 6 7 2 5 1 3 12 11
12 5 3 7 10 6 13 11 1 9 4 2 8
1 10 8 4 7 6 3 5 11 9 2 13 12
7 10 5 11 2 9 13 4 12 1 3 6 8
9 13 10 6 4 5 7 1 2 3 11 8 12
2 12 1 6 5 9 7 8 13 3 10 11 4
13 5 1 7 3 6 10 12 11 2 9 8 4
3 9 10 2 7 13 12 6 11 4 5 8 1
10 13 11 1 6 8 3 7 4 5 2 12 9
11 13 2 9 5 10 8 1 3 4 6 7 12
11 10 3 1 6 12 4 13 9 8 5 7 2
3 5 12 11 13 6 2 1 9 4 10 7 8
5 13 11 9 7 8 10 6 4 2 12 3 1
3 13 1 8 6 9 10 7 11 4 2 12 5
4 7 8 3 10 2 5 11 12 1 13 9 6
5 13 2 10 1 4 11 12 6 3 9 8 7
3 6 10 1 7 9 13 5 4 12 2 8 11
2 7 10 8 6 4 12 11 9 13 5 1 3
8 13 4 6 11 3 7 10 12 2 5 9 1
13 1 11 5 12 10 4 9 7 3 8 6 2
5 13 2 12 6 1 4 11 3 8 10 7 9
2 7 1 5 10 4 6 3 11 8 12 13 9
7 11 10 9 1 6 2 5 8 3 4 13 12
8 7 12 2 5 11 9 13 1 6 10 4 3
12 8 10 7 5 1 4 6 13 9 11 2 3
3 11 8 6 1 7 12 9 10 4 13 2 5
11 10 7 2 5 8 1 12 3 9 13 4 6
7 8 13 9 3 6 4 1 2 12 5 11 10
12 11 6 2 1 9 5 7 13 4 10 3 8
1 4 2 9 3 5 13 12 6 11 7 8 10
13 10 7 4 9 12 6 5 3 2 1 8 11
4 13 9 2 5 6 1 3 7 8 12 11 10
6 8 9 12 13 11 4 1 10 7 2 3 5
5 3 11 9 12 8 6 7 13 2 1 10 4
7 10 4 11 6 1 8 2 13 5 9 3 12
8 1 5 13 3 6 11 2 12 4 7 10 9
10 11 6 13 9 3 5 12 2 1 7 8 4
6 4 5 3 2 1 10 7 8 9 12 11 13
3 13 5 12 11 4 9 6 1 7 8 10 2
6 1 4 13 10 5 8 7 11 9 12 3 2
1 11 5 6 8 13 10 7 2 9 12 4 3
11 1 2 12 13 4 3 10 8 5 6 9 7
2 6 7 10 8 11 4 3 12 1 13 5 9
2 8 11 12 9 7 4 13 10 3 1 6 5
1 12 11 7 10 5 6 2 8 13 9 4 3
1 6 8 3 10 5 7 2 4 13 11 9 12
12 7 9 4 8 1 6 3 13 10 11 5 2
6 3 9 2 11 13 10 8 5 1 7 12 4
2 13 12 9 11 1 3 7 8 6 10 5 4
6 13 4 1 9 10 5 8 2 12 11 3 7
5 7 9 3 10 12 2 8 6 11 4 1 13
8 5 12 11 1 9 3 10 13 7 4 6 2
1 11 13 5 3 10 8 4 6 12 7 9 2
6 5 11 10 7 2 12 4 3 8 1 9 13
12 8 9 3 11 4 6 2 1 13 10 5 7
4 13 8 6 9 11 2 1 12 7 5 10 3
2 8 1 13 3 12 7 9 5 6 10 4 11
11 4 1 12 3 8 6 5 13 7 9 2 10
7 5 1 4 8 12 13 9 6 3 10 2 11
13 8 11 7 5 12 6 9 4 3 10 1 2
4 5 6 2 1 12 8 7 3 10 13 9 11
13 6 7 9 5 4 8 10 2 11 12 1 3
5 2 9 8 3 1 7 4 10 13 11 12 6
7 11 2 12 3 5 1 13 10 9 6 8 4
1 9 7 2 11 5 3 12 13 10 6 8 4
3 5 11 2 12 4 8 6 13 10 1 9 7
11 13 12 4 2 10 3 1 8 9 7 6 5
1 12 13 10 2 6 7 3 4 5 11 9 8
1 4 10 5 3 11 7 12 2 6 9 13 8
13 5 8 4 11 12 7 2 6 9 10 3 1
12 7 10 11 8 5 1 3 4 9 2 6 13
10 12 4 13 3 8 5 2 6 7 9 11 1
11 8 10 5 9 4 7 13 1 6 3 2 12
4 8 1 11 10 13 3 7 12 2 6 9 5
7 11 10 6 2 1 12 8 3 5 9 13 4
8 12 9 13 5 4 3 6 10 2 1 11 7
3 5 11 1 7 6 13 8 12 9 10 2 4
6 3 11 13 4 7 1 5 10 8 9 12 2
3 9 5 4 12 11 7 6 2 1 10 13 8
1 5 6 2 12 11 10 8 7 9 13 4 3
5 2 7 9 13 6 3 8 4 10 1 12 11
11 8 13 7 6 1 3 9 10 5 4 2 12
3 7 9 8 10 4 6 13 11 2 12 1 5
10 9 2 7 6 13 1 12 8 4 3 11 5
1 12 11 8 7 3 4 5 6 13 9 10 2
12 8 13 9 7 5 3 1 10 4 6 11 2
3 5 9 12 1 10 11 13 7 4 8 6 2
2 12 3 1 7 5 8 13 10 11 4 9 6
12 5 1 3 4 10 2 13 9 7 11 6 8
2 12 3 8 11 13 4 5 1 9 7 10 6
3 7 9 8 12 13 10 6 11 2 5 1 4
8 1 11 9 6 4 2 5 3 12 10 13 7
1 10 4 2 6 7 8 9 12 3 13 5 11
11 2 8 3 4 7 12 10 13 5 1 6 9
3 2 6 5 13 1 9 8 11 4 10 7 12
3 10 8 9 11 6 4 5 1 7 12 2 13
13 12 9 3 7 4 11 10 2 1 8 5 6
11 13 8 1 6 5 4 7 3 2 12 9 10
4 12 2 9 5 11 1 3 7 6 13 8 10
9 11 1 2 13 7 8 12 10 6 4 3 5
4 1 2 9 12 13 11 3 6 10 5 7 8
8 13 3 5 4 10 6 9 11 12 1 2 7
12 5 7 8 3 1 4 9 6 2 10 11 13
7 3 2 10 13 6 8 12 11 4 1 9 5
11 10 7 1 6 5 8 3 13 9 4 12 2
11 1 8 4 6 7 9 5 12 2 13 3 10
3 8 6 1 10 11 4 5 9 2 7 13 12
12 6 2 9 4 5 1 7 13 8 11 3 10
12 8 6 7 10 3 2 5 1 11 9 4 13
13 4 5 2 8 11 12 7 1 6 10 9 3
13 6 12 9 11 5 2 1 4 10 3 8 7
3 6 8 2 10 11 4 9 12 7 13 5 1
12 3 13 5 4 2 7 6 9 1 11 10 8
13 3 9 7 10 1 2 6 12 4 11 8 5

15
9cf6492a-26d9-4e14-a00b-d26013bb385d
80cb327e-13e5-4f0f-aeac-8fc6a04c44b1
229249e0-5531-4039-8ba3-1123683c440f
dbb5d4d2-63f3-4bad-9fb7-07f3c2a8d4f0
42f6ea29-49fa-4cec-83fb-9a6be8f5afcf
526cfa33-efaa-4301-a34d-f6d6af8a469c
e4015654-03e2-4c21-8bff-18bbd5925081
f82cea57-cc66-4e17-8805-c6754958e03d
791078ae-8f22-48ce-b1e2-85276defeed9
c85e5db6-ee1a-4958-ab03-846d70fa4f97
c43bffbf-4cd6-464d-84ff-6faa62c87249
0e12c8c6-6e4f-4441-9f5e-753cf5c6e017
7f107f46-517d-4841-a776-7676fc9ffedc
c128e90c-31f0-48a7-aa3e-75c8c8a1f01e
dc590f34-7e0f-4a80-b7d3-c38eb2890373
14 7 5 12 3 15 9 10 6 11 4 1 13 8 2
8 1 13 14 6 5 7 15 12 11 4 2 10 9 3
15 7 8 10 13 11 14 2 3 1 4 5 9 6 12
1 2 4 6 10 13 14 7 9 11 8 12 15 3 5
11 7 6 15 4 13 3 12 10 5 14 1 8 2 9
6 7 4 9 11 10 14 13 1 8 2 12 15 5 3
13 2 1 7 11 15 9 6 10 14 5 4 8 12 3
9 10 4 6 13 8 7 15 5 1 11 2 3 12 14
6 1 7 13 3 9 11 15 5 12 14 4 2 8 10
8 3 7 13 9 10 2 14 1 4 15 5 12 11 6
6 8 4 7 2 5 14 3 1 13 12 10 15 9 11
14 10 9 4 7 13 1 6 3 15 2 5 11 12 8
4 7 13 5 3 9 15 12 6 1 8 14 11 2 10
3 6 5 1 13 11 15 4 9 2 7 10 12 8 14
3 9 8 13 6 15 7 12 11 1 4 14 2 10 5
3 1 12 11 7 5 15 6 13 9 8 2 14 10 4
4 1 8 11 7 12 15 9 6 3 10 14 5 13 2
3 4 14 11 10 8 7 1 6 2 15 5 13 9 12
8 12 7 11 5 3 14 10 4 9 1 13 2 6 15
8 3 6 12 14 7 10 1 13 11 15 5 4 9 2
1 13 15 6 5 9 7 11 4 8 10 3 14 2 12
11 10 5 6 2 15 9 7 4 13 12 14 1 8 3
8 9 5 15 7 14 4 10 11 6 2 13 1 12 3
1 14 12 5 11 2 10 8 3 7 15 4 13 6 9
8 10 14 5 6 15 3 2 4 1 7 9 11 12 13
14 8 9 7 3 6 10 11 13 1 12 15 5 2 4
6 15 3 14 5 13 12 9 7 11 10 8 4 2 1
15 7 6 14 8 3 13 9 1 4 11 10 2 12 5
7 9 8 11 13 6 2 10 4 15 3 14 5 12 1
5 4 3 9 10 15 8 12 6 13 1 2 14 11 7
6 11 4 2 12 1 5 8 10 7 15 14 13 9 3
1 8 13 3 14 10 9 5 2 11 6 12 4 7 15
14 13 7 11 1 5 3 2 4 10 8 12 9 15 6
8 6 10 13 2 1 15 5 12 3 4 14 7 11 9
3 13 14 9 7 12 5 4 15 6 10 8 1 11 2
8 1 10 15 14 11 9 7 3 6 2 5 13 12 4
3 2 7 13 14 12 9 4 5 1 10 6 8 11 15
12 4 14 11 8 5 2 9 7 10 6 1 3 15 13
5 1 8 15 12 13 6 14 9 7 10 3 4 2 11
6 1 11 10 12 7 9 14 15 13 4 2 8 5 3
4 6 8 15 5 7 2 3 1 13 11 14 10 12 9
5 2 12 6 11 9 15 4 14 8 10 7 1 13 3
2 3 5 15 4 1 13 14 6 7 10 12 9 8 11
14 11 5 10 1 15 13 2 12 9 3 8 4 6 7
3 8 5 9 10 1 4 2 12 14 13 6 15 11 7
7 10 4 11 13 12 6 5 15 1 3 14 8 9 2
11 6 14 5 3 9 13 7 1 10 4 12 2 8 15
2 11 12 7 5 3 13 6 8 10 14 4 9 15 1
6 15 7 9 10 1 5 11 4 14 13 2 12 8 3
4 8 15 10 2 11 3 1 12 13 5 7 14 6 9
11 7 9 10 13 3 12 2 5 15 14 8 1 4 6
1 4 3 6 12 14 7 15 13 2 11 9 8 10 5
5 11 4 9 13 6 3 15 12 14 2 1 7 10 8
9 8 5 2 1 3 12 7 11 15 10 4 13 14 6
13 3 9 2 12 8 7 1 11 4 5 14 6 15 10
3 9 2 4 7 13 15 11 8 6 12 5 1 10 14
4 9 13 8 6 11 14 10 2 7 12 15 1 3 5
8 1 2 14 12 13 3 7 4 6 10 9 15 11 5
1 9 2 7 11 14 5 4 15 12 10 8 6 13 3
15 11 5 7 4 8 10 2 12 14 6 9 1 13 3
8 12 14 10 7 2 15 6 9 13 3 11 1 4 5
3 14 2 15 9 10 4 6 5 7 1 8 11 12 13
2 7 13 4 3 9 5 12 11 14 8 10 6 15 1
9 3 1 6 7 13 10 15 2 5 4 11 12 14 8
7 6 15 9 11 2 10 13 8 5 4 14 1 3 12
6 5 12 15 7 2 3 4 14 13 1 9 10 8 11
10 6 12 13 1 3 11 2 15 14 9 8 7 4 5
13 2 1 11 15 9 12 3 7 5 8 6 4 10 14
3 7 5 10 12 15 13 6 9 8 11 2 4 14 1
11 6 1 13 2 7 3 15 12 14 4 9 8 10 5
14 9 8 10 4 6 12 13 15 1 2 3 5 7 11
15 12 10 8 4 1 11 2 6 9 14 5 7 13 3
7 6 3 12 2 9 4 15 1 14 8 13 10 5 11
3 10 7 2 4 9 8 15 11 12 6 1 5 13 14
13 7 14 4 1 8 3 12 6 10 9 15 2 5 11
11 10 2 8 14 1 6 12 15 13 4 3 9 7 5
11 5 7 2 3 8 1 14 13 15 10 6 4 12 9
9 11 7 4 12 3 8 6 10 14 2 1 15 13 5
7 5 11 6 14 8 4 13 3 2 15 12 10 9 1
11 10 1 9 6 14 15 3 8 2 5 13 4 12 7
5 1 8 4 9 10 14 3 15 7 12 11 6 13 2
15 9 8 11 2 4 3 1 6 7 14 12 5 13 10
9 5 4 14 13 8 12 11 7 10 1 3 6 15 2
15 4 5 13 7 8 1 12 14 10 2 11 3 6 9
2 11 6 5 12 14 7 4 1 8 9 3 13 15 10
8 6 9 1 5 11 15 7 12 10 4 13 3 2 14
5 13 10 7 1 12 9 15 2 8 3 6 11 4 14
14 7 2 5 9 6 8 12 15 4 3 11 13 1 10
12 13 7 2 3 6 11 4 15 5 1 8 10 14 9
8 4 10 1 14 15 7 11 12 2 13 3 5 9 6
9 3 10 14 13 15 8 1 6 12 11 2 7 4 5
14 10 15 13 12 1 2 7 4 11 8 5 6 9 3
11 9 7 12 13 3 4 10 1 5 2 14 6 15 8
9 10 12 14 5 15 4 13 6 2 7 11 1 8 3
2 6 11 4 1 9 13 15 12 3 10 7 5 8 14
11 2 7 9 8 1 3 4 10 14 5 13 12 6 15
6 9 8 15 12 4 1 14 2 10 11 7 3 5 13
14 1 7 10 2 13 4 6 12 3 9 5 15 11 8
7 8 3 15 5 6 10 14 2 12 9 13 1 4 11
15 7 3 9 4 14 10 13 2 8 5 11 6 12 1
12 6 1 9 8 10 3 11 14 2 13 15 4 7 5
12 14 7 4 3 2 11 5 10 6 8 9 1 13 15
6 12 14 7 9 1 8 11 2 3 5 10 4 13 15
12 15 6 9 10 11 5 4 13 8 2 14 1 7 3
15 11 3 4 5 8 7 10 9 6 2 1 12 13 14
9 12 8 11 13 10 6 7 15 14 1 2 4 3 5
15 13 3 7 12 4 6 5 1 2 11 14 8 9 10
10 3 11 6 15 14 8 12 9 1 7 13 2 5 4
8 11 7 6 3 13 2 14 1 10 12 5 9 4 15
12 4 8 6 15 14 3 11 9 13 5 2 10 7 1
15 14 3 5 10 9 7 12 6 8 4 2 13 1 11
14 8 9 12 4 3 6 10 13 1 11 2 7 5 15
2 11 15 6 3 9 14 8 7 12 4 10 5 1 13
13 2 11 14 8 15 9 1 7 6 10 12 5 4 3
1 10 11 9 15 5 7 12 3 8 2 13 14 6 4
14 6 2 8 9 13 3 5 15 4 10 1 11 12 7
14 1 5 3 4 11 8 10 13 9 12 7 2 6 15
15 12 8 10 5 9 14 7 4 1 13 6 11 2 3
3 14 11 6 15 2 8 4 9 1 13 12 7 10 5
4 7 5 2 6 14 8 13 12 11 9 3 1 15 10
4 11 12 15 9 8 7 14 13 5 6 2 3 1 10
10 8 7 3 9 14 2 11 5 4 1 12 13 15 6
13 12 11 15 2 8 9 1 6 10 4 14 3 7 5
7 1 4 6 2 3 12 5 10 13 8 15 11 14 9
10 15 2 13 14 1 5 11 12 3 8 4 9 6 7
2 3 5 1 7 4 11 8 13 15 6 10 12 14 9
5 8 6 11 10 4 12 14 15 13 1 3 7 9 2
5 13 14 2 4 10 9 11 1 3 15 12 8 7 6
10 1 6 9 4 2 7 8 5 14 15 12 3 11 13
6 1 7 5 14 15 4 10 2 12 9 11 3 8 13
5 8 2 11 12 6 3 14 13 15 1 4 9 10 7
9 5 4 1 14 8 11 2 7 13 12 15 6 3 10
4 5 13 2 14 3 6 1 7 10 15 9 11 12 8
2 12 13 5 7 1 11 14 6 8 3 9 4 15 10
7 5 14 12 3 13 4 10 9 1 15 2 11 8 6
15 13 12 11 5 8 6 4 10 3 14 2 7 1 9
9 10 7 3 14 5 1 4 12 15 13 11 8 6 2
13 3 2 15 8 4 9 6 14 5 12 10 1 11 7
12 2 4 15 8 5 14 7 9 3 6 13 11 1 10
1 4 3 8 7 2 13 14 9 6 10 5 11 15 12
7 2 5 9 6 3 12 4 13 11 15 14 8 10 1

8
5443d2a1-088c-4c10-9c22-b2352e865b5f
f3843833-d4a1-48ab-9931-7c479b22d1ec
b4df404c-2af4-46f2-bb23-8e907f971c93
18a2a8df-f2aa-428d-9f83-22e8afaf22e5
49e1446b-1e8d-4251-889a-19d3f60ade09
cf2085e4-16f6-4411-ab12-d458540e61f8
56242ddf-1f53-4142-b6b0-4fc27928a468
b832da3c-2793-4f8e-8398-1a3f3da801af
7 5 1 3 6 4 8 2
3 8 2 4 6 7 5 1
2 8 4 1 7 3 6 5
1 7 8 6 5 3 2 4
5 7 6 8 3 4 1 2
3 7 6 5 4 8 1 2
4 2 5 8 6 3 1 7
8 4 6 2 3 1 5 7
4 5 2 6 7 3 8 1
7 4 1 5 8 6 2 3
1 3 8 7 5 4 6 2
3 6 8 1 7 4 5 2
6 8 3 5 2 7 4 1
5 2 6 7 1 3 8 4
3 7 4 2 8 5 6 1
8 2 1 3 4 7 5 6
4 2 7 6 5 8 1 3
2 4 6 5 7 1 8 3
7 4 6 8 1 5 2 3
5 2 1 4 8 3 7 6
4 3 8 5 2 6 1 7
4 3 2 1 5 7 6 8
7 3 6 8 5 4 1 2
3 4 8 5 7 1 2 6
4 8 2 5 1 6 3 7
2 1 5 3 6 7 8 4
5 6 1 2 7 4 8 3
2 5 7 3 1 8 6 4
4 7 8 1 6 5 2 3
4 8 2 3 7 6 5 1
5 7 2 1 4 6 8 3
6 3 8 5 4 2 1 7
2 3 4 6 1 8 7 5
6 5 8 4 1 2 7 3
2 6 7 5 1 3 4 8
5 1 6 2 4 8 3 7
3 6 2 4 8 5 1 7
2 6 8 1 4 3 7 5
4 5 8 6 7 2 1 3
7 1 6 5 8 3 2 4
3 1 7 6 8 2 5 4
5 3 4 2 8 1 6 7
1 5 3 6 8 2 7 4
8 4 2 5 7 1 6 3
1 4 5 8 7 2 3 6
8 3 5 4 7 2 1 6
7 3 4 6 5 1 8 2
4 8 3 2 1 7 5 6
2 4 5 3 8 6 7 1
8 7 5 3 6 4 2 1
7 4 3 1 6 5 8 2
1 8 4 7 3 6 2 5
8 1 6 5 4 3 7 2
6 7 4 2 5 1 3 8
7 5 8 6 1 3 2 4
3 4 1 8 5 2 6 7
3 2 6 7 4 1 5 8
7 1 3 6 8 4 5 2
3 8 2 5 6 1 7 4
7 6 5 2 4 1 8 3
1 2 5 6 8 3 4 7
4 7 6 3 2 8 1 5
4 1 7 3 6 2 5 8
8 2 7 6 3 1 5 4
3 8 4 7 5 2 1 6
7 6 3 4 2 5 8 1
2 5 8 7 1 4 3 6
7 4 3 6 5 1 2 8
7 6 2 5 3 1 4 8
3 4 8 6 7 5 1 2
5 3 8 6 4 2 7 1
1 2 4 6 8 5 3 7
7 6 2 5 4 8 1 3
4 3 8 2 7 1 5 6
8 2 5 3 4 6 7 1
7 8 1 5 4 2 3 6
6 3 5 7 8 1 2 4
7 4 3 8 1 2 5 6
1 7 3 4 8 5 2 6
8 1 7 3 2 6 5 4
6 3 2 8 4 7 1 5
1 4 7 2 5 3 6 8
1 5 3 6 7 8 4 2
4 2 6 1 5 7 3 8
8 1 3 5 6 4 7 2
7 4 5 2 8 1 3 6
1 8 6 5 4 2 7 3
4 8 2 1 7 3 6 5
1 3 4 5 7 2 8 6
1 8 6 4 5 7 3 2
2 4 1 7 8 5 3 6
6 2 7 5 1 3 4 8
7 6 5 1 4 3 8 2
4 2 6 7 5 1 8 3
6 3 2 5 1 7 4 8
4 8 3 7 5 2 6 1
3 5 8 4 1 2 7 6
3 2 6 8 1 4 5 7
8 5 4 3 6 7 1 2
2 1 8 4 6 5 7 3
1 5 2 7 4 8 3 6
3 1 4 6 2 8 5 7
5 2 1 7 8 3 6 4
3 6 7 2 5 4 1 8
2 7 5 3 8 6 1 4
3 2 6 4 7 8 1 5
7 1 3 2 5 4 6 8
7 8 3 2 6 1 5 4
4 7 5 2 3 6 1 8
8 6 5 3 4 1 2 7
4 8 5 7 1 3 6 2
1 7 5 8 2 3 6 4
4 3 1 8 7 2 5 6
4 7 2 3 8 5 1 6
2 4 3 8 7 5 1 6
6 5 8 3 7 1 4 2
6 3 1 2 8 5 4 7
3 5 7 4 8 1 2 6
2 3 4 6 5 1 8 7
1 7 5 6 8 4 2 3
2 7 3 8 6 1 5 4
8 7 1 3 2 4 5 6
5 8 4 1 7 2 6 3
5 7 3 4 1 2 6 8
5 2 1 8 6 3 7 4
4 6 1 7 3 5 2 8
4 6 2 3 7 1 5 8
3 7 4 5 2 1 6 8
5 2 8 1 6 7 3 4
7 1 5 6 8 3 4 2
2 6 1 4 5 3 7 8
5 7 2 4 3 1 6 8
3 6 2 1 5 8 4 7
2 6 5 7 1 3 8 4
2 8 4 3 7 1 5 6
5 7 8 2 6 3 4 1
1 8 5 3 7 4 6 2
7 6 1 5 4 2 8 3
1 4 7 6 3 2 8 5
4 1 8 6 5 7 3 2
2 1 6 7 4 5 8 3
6 7 1 2 4 8 3 5
7 6 8 4 2 1 3 5
4 6 8 7 3 1 5 2
4 2 8 3 1 7 6 5
6 2 7 5 8 1 3 4
8 2 7 4 1 3 5 6
8 4 3 7 6 2 1 5
5 4 3 8 2 6 1 7
8 6 4 1 2 5 3 7
5 4 8 1 7 3 6 2
7 1 8 3 4 2 6 5
3 8 1 7 2 4 5 6
5 6 2 4 8 1 3 7
2 3 1 6 7 4 8 5
6 3 1 4 5 8 2 7
4 5 3 1 8 2 7 6
3 4 6 1 2 7 5 8
2 6 5 8 4 3 1 7
2 5 6 3 4 8 7 1
7 6 2 8 5 4 3 1
2 8 3 5 1 7 4 6
1 3 4 7 6 8 2 5
6 8 1 5 3 7 2 4
4 3 7 8 2 6 5 1
4 7 3 2 6 1 8 5
6 5 7 2 1 3 4 8
6 1 3 7 8 2 4 5
3 4 1 5 7 2 8 6
4 1 5 7 3 8 6 2
1 6 7 3 4 8 5 2
2 4 6 8 1 3 7 5
2 1 5 8 7 6 3 4
5 8 1 6 7 4 3 2
7 6 4 2 8 1 5 3
6 7 8 3 1 2 4 5
4 1 7 2 8 3 5 6
5 8 7 2 1 3 4 6
5 7 1 4 6 2 8 3
5 2 8 7 6 3 1 4
5 7 3 4 1 6 2 8
1 5 3 2 7 6 4 8
7 2 5 3 6 8 1 4
8 2 4 1 5 6 3 7
4 3 5 2 1 7 8 6
7 1 3 5 6 2 8 4
8 1 2 4 5 3 6 7
1 8 5 4 2 3 6 7
6 4 8 3 7 1 2 5
5 3 8 1 7 4 2 6
1 6 8 2 3 4 7 5
6 7 3 4 1 5 8 2
2 3 4 1 7 5 8 6
3 7 5 6 2 4 1 8
